===== Patch 0 =====
2018-04-17,0.25551,0.288,0.23983,0.2426
2018-04-18,0.2426,0.2646,0.24201,0.262
2018-04-19,0.26199,0.275,0.25777,0.27004
2018-04-20,0.27004,0.30442,0.26648,0.30108
2018-04-21,0.30161,0.307,0.26509,0.28668
2018-04-22,0.28669,0.2973,0.27716,0.2816
2018-04-23,0.2816,0.28867,0.28064,0.28788
2018-04-24,0.28798,0.32,0.28593,0.30853
2018-04-25,0.3085,0.31099,0.2573,0.2687
2018-04-26,0.2687,0.2939,0.255,0.29326
2018-04-27,0.29326,0.30643,0.28145,0.28445
2018-04-28,0.2844,0.36498,0.2817,0.35676
2018-04-29,0.35675,0.3866,0.3415,0.36254
2018-04-30,0.36251,0.3637,0.33,0.34145
2018-05-01,0.34145,0.36034,0.3187,0.35504
2018-05-02,0.35498,0.37586,0.345,0.37199

===== Patch 1 =====
2018-05-03,0.37199,0.3885,0.36402,0.36716
2018-05-04,0.36683,0.36897,0.3465,0.358
2018-05-05,0.3584,0.37434,0.35771,0.36502
2018-05-06,0.36502,0.36641,0.33538,0.34654
2018-05-07,0.34599,0.3474,0.291,0.33046
2018-05-08,0.33079,0.34559,0.3163,0.32213
2018-05-09,0.32213,0.32547,0.298,0.31884
2018-05-10,0.31884,0.3221,0.291,0.29121
2018-05-11,0.29121,0.29349,0.2488,0.25573
2018-05-12,0.25574,0.27898,0.23402,0.2655
2018-05-13,0.26497,0.285,0.256,0.27718
2018-05-14,0.27718,0.27815,0.25123,0.26655
2018-05-15,0.26631,0.275,0.2513,0.25394
2018-05-16,0.25394,0.2558,0.237,0.25237
2018-05-17,0.25237,0.26054,0.23666,0.23919
2018-05-18,0.23915,0.245,0.23037,0.24324

===== Patch 2 =====
2018-05-19,0.24382,0.2475,0.2358,0.24116
2018-05-20,0.24151,0.26006,0.23832,0.25556
2018-05-21,0.25556,0.25999,0.24301,0.24563
2018-05-22,0.24588,0.2473,0.21841,0.22
2018-05-23,0.22,0.2231,0.1927,0.1978
2018-05-24,0.19767,0.2104,0.18865,0.2073
2018-05-25,0.20731,0.209,0.19351,0.19788
2018-05-26,0.19798,0.204,0.1938,0.19504
2018-05-27,0.19506,0.1958,0.1901,0.19186
2018-05-28,0.19198,0.194,0.17125,0.17249
2018-05-29,0.17249,0.20896,0.17055,0.20164
2018-05-30,0.20176,0.21683,0.19689,0.20779
2018-05-31,0.20846,0.22879,0.20321,0.2233
2018-06-01,0.22331,0.2285,0.21347,0.22038
2018-06-02,0.22038,0.23,0.21666,0.22648
2018-06-03,0.22647,0.23677,0.22259,0.22659

===== Patch 3 =====
2018-06-04,0.2266,0.2303,0.20882,0.21243
2018-06-05,0.21217,0.2216,0.20221,0.21839
2018-06-06,0.21835,0.21949,0.20799,0.21452
2018-06-07,0.2147,0.21863,0.208,0.21019
2018-06-08,0.21034,0.21053,0.20025,0.2043
2018-06-09,0.2043,0.21,0.20031,0.2011
2018-06-10,0.20108,0.20108,0.16806,0.17346
2018-06-11,0.17346,0.18067,0.16404,0.17897
2018-06-12,0.1791,0.1813,0.158,0.16297
2018-06-13,0.16309,0.16609,0.145,0.15791
2018-06-14,0.15798,0.177,0.153,0.17062
2018-06-15,0.17091,0.171,0.15997,0.16097
2018-06-16,0.16098,0.16436,0.15762,0.16191
2018-06-17,0.16209,0.16436,0.15962,0.16044
2018-06-18,0.16047,0.1681,0.1554,0.1637
2018-06-19,0.1637,0.17149,0.1612,0.167

===== Patch 4 =====
2018-06-20,0.16675,0.16768,0.15675,0.16182
2018-06-21,0.16181,0.16369,0.1567,0.15779
2018-06-22,0.15773,0.15861,0.13429,0.13843
2018-06-23,0.13786,0.14189,0.13345,0.1371
2018-06-24,0.13708,0.13828,0.1191,0.13093
2018-06-25,0.13085,0.13889,0.12619,0.13521
2018-06-26,0.13521,0.13571,0.12458,0.12519
2018-06-27,0.12512,0.12832,0.12271,0.12752
2018-06-28,0.12753,0.12891,0.11742,0.11825
2018-06-29,0.11818,0.127,0.11359,0.12534
2018-06-30,0.12541,0.1388,0.12533,0.13784
2018-07-01,0.13783,0.1459,0.13303,0.14211
2018-07-02,0.14196,0.16209,0.1376,0.15448
2018-07-03,0.15448,0.16054,0.14811,0.14966
2018-07-04,0.14973,0.15999,0.14586,0.15112
2018-07-05,0.15122,0.15598,0.143,0.14736

===== Patch 5 =====
2018-07-06,0.14735,0.14759,0.13803,0.14501
2018-07-07,0.14528,0.14842,0.13698,0.14783
2018-07-08,0.14775,0.15,0.14405,0.14481
2018-07-09,0.14482,0.14575,0.13876,0.13935
2018-07-10,0.13934,0.13972,0.12711,0.12814
2018-07-11,0.12807,0.13376,0.12467,0.13144
2018-07-12,0.13145,0.13149,0.122,0.1275
2018-07-13,0.12747,0.14356,0.12458,0.13768
2018-07-14,0.13735,0.14117,0.13303,0.1365
2018-07-15,0.13664,0.14594,0.13459,0.14227
2018-07-16,0.14231,0.15855,0.14037,0.15655
2018-07-17,0.15655,0.17644,0.15002,0.17136
2018-07-18,0.17136,0.19701,0.17109,0.18053
2018-07-19,0.18061,0.19217,0.17149,0.18191
2018-07-20,0.18164,0.18348,0.159,0.16129
2018-07-21,0.16112,0.16998,0.15388,0.16327

===== Patch 6 =====
2018-07-22,0.1634,0.1792,0.16164,0.16916
2018-07-23,0.16937,0.18057,0.16409,0.16423
2018-07-24,0.16411,0.17868,0.16001,0.17349
2018-07-25,0.1736,0.17728,0.16644,0.17275
2018-07-26,0.17274,0.1755,0.1616,0.164
2018-07-27,0.16397,0.1693,0.1551,0.1659
2018-07-28,0.16586,0.16662,0.15915,0.1641
2018-07-29,0.16387,0.1656,0.15954,0.16268
2018-07-30,0.16274,0.163,0.14716,0.15327
2018-07-31,0.15323,0.15349,0.139,0.14175
2018-08-01,0.14152,0.14474,0.135,0.13984
2018-08-02,0.13983,0.14149,0.1285,0.13039
2018-08-03,0.13079,0.13473,0.1229,0.12947
2018-08-04,0.12941,0.13358,0.12353,0.12639
2018-08-05,0.12622,0.1313,0.1244,0.13024
2018-08-06,0.1305,0.13618,0.12644,0.12937

===== Patch 7 =====
2018-08-07,0.12937,0.13227,0.12252,0.12365
2018-08-08,0.1238,0.12387,0.10855,0.11292
2018-08-09,0.11281,0.12631,0.11272,0.12213
2018-08-10,0.12213,0.1238,0.11132,0.11485
2018-08-11,0.11461,0.11633,0.10713,0.11022
2018-08-12,0.11022,0.1145,0.10859,0.11153
2018-08-13,0.11152,0.11415,0.101,0.10104
2018-08-14,0.10102,0.10113,0.084,0.0935
2018-08-15,0.0935,0.10131,0.09339,0.09361
2018-08-16,0.09361,0.0982,0.09138,0.0946
2018-08-17,0.0946,0.11,0.0937,0.11
2018-08-18,0.11,0.11247,0.09514,0.09831
2018-08-19,0.09832,0.10356,0.09633,0.10143
2018-08-20,0.10131,0.10299,0.09159,0.09174
2018-08-21,0.09203,0.09541,0.09001,0.09469
2018-08-22,0.09469,0.10082,0.08682,0.08955

===== Patch 8 =====
2018-08-23,0.08926,0.0942,0.08835,0.09232
2018-08-24,0.09222,0.0945,0.0903,0.09381
2018-08-25,0.09372,0.09496,0.09177,0.09413
2018-08-26,0.0942,0.09467,0.0905,0.09306
2018-08-27,0.09306,0.10157,0.09206,0.10051
2018-08-28,0.1005,0.10749,0.0996,0.10555
2018-08-29,0.10555,0.10919,0.10121,0.10535
2018-08-30,0.10535,0.10753,0.09661,0.10066
2018-08-31,0.10083,0.10343,0.09851,0.1017
2018-09-01,0.10158,0.11032,0.10131,0.10699
2018-09-02,0.10699,0.10771,0.102,0.10499
2018-09-03,0.10471,0.1055,0.10215,0.10352
2018-09-04,0.1036,0.10709,0.10334,0.10521
2018-09-05,0.10522,0.10621,0.08561,0.08637
2018-09-06,0.08637,0.08877,0.08085,0.0884
2018-09-07,0.08835,0.08946,0.0813,0.08287

===== Patch 9 =====
2018-09-08,0.08285,0.0844,0.07654,0.07749
2018-09-09,0.07737,0.08097,0.07353,0.07601
2018-09-10,0.07592,0.07867,0.0666,0.07343
2018-09-11,0.07345,0.07475,0.06574,0.0701
2018-09-12,0.06999,0.07036,0.06089,0.06627
2018-09-13,0.06628,0.07181,0.06497,0.06951
2018-09-14,0.06957,0.07077,0.06541,0.06749
2018-09-15,0.06743,0.07068,0.06732,0.06895
2018-09-16,0.06889,0.07,0.06568,0.06988
2018-09-17,0.06988,0.07023,0.06256,0.06347
2018-09-18,0.06332,0.07012,0.06193,0.069
2018-09-19,0.06892,0.07441,0.06622,0.07218
2018-09-20,0.07218,0.08389,0.07111,0.08089
2018-09-21,0.08086,0.09035,0.08065,0.08773
2018-09-22,0.08767,0.08913,0.0792,0.08338
2018-09-23,0.08331,0.0939,0.08281,0.08986

===== Patch 10 =====
2018-09-24,0.08985,0.09197,0.08146,0.08241
2018-09-25,0.08245,0.08246,0.07425,0.08108
2018-09-26,0.08114,0.08311,0.07648,0.07913
2018-09-27,0.07912,0.0889,0.07777,0.08629
2018-09-28,0.0863,0.0885,0.081,0.0839
2018-09-29,0.0839,0.0868,0.08106,0.08446
2018-09-30,0.08444,0.0874,0.0825,0.08511
2018-10-01,0.08511,0.087,0.08203,0.08467
2018-10-02,0.08451,0.0851,0.08151,0.08224
2018-10-03,0.08221,0.08248,0.0782,0.08088
2018-10-04,0.08082,0.08319,0.08044,0.08164
2018-10-05,0.08161,0.0845,0.08029,0.08339
2018-10-06,0.08339,0.08411,0.0808,0.08151
2018-10-07,0.08156,0.08558,0.08033,0.08464
2018-10-08,0.08465,0.0889,0.08348,0.08698
2018-10-09,0.08698,0.08808,0.0848,0.08659

===== Patch 11 =====
2018-10-10,0.08655,0.0869,0.08359,0.08542
2018-10-11,0.08547,0.08547,0.0692,0.07079
2018-10-12,0.07079,0.0766,0.0695,0.0732
2018-10-13,0.07314,0.07545,0.07258,0.07374
2018-10-14,0.07374,0.07459,0.07098,0.0717
2018-10-15,0.07164,0.08497,0.07,0.07671
2018-10-16,0.0767,0.07884,0.07565,0.07777
2018-10-17,0.07772,0.08132,0.07701,0.07994
2018-10-18,0.07994,0.08069,0.075,0.07668
2018-10-19,0.07668,0.0779,0.07577,0.07683
2018-10-20,0.07691,0.07876,0.0761,0.07768
2018-10-21,0.07769,0.07908,0.07691,0.07721
2018-10-22,0.07722,0.07785,0.0761,0.07731
2018-10-23,0.0773,0.07757,0.0735,0.07597
2018-10-24,0.07597,0.07708,0.0753,0.07539
2018-10-25,0.07537,0.07564,0.0737,0.07478

===== Patch 12 =====
2018-10-26,0.07485,0.0754,0.07348,0.07471
2018-10-27,0.07471,0.07487,0.07329,0.07352
2018-10-28,0.07352,0.07392,0.07255,0.07364
2018-10-29,0.07358,0.07379,0.069,0.07019
2018-10-30,0.07018,0.07077,0.06963,0.07007
2018-10-31,0.07007,0.07199,0.06773,0.07061
2018-11-01,0.07051,0.07198,0.06966,0.07127
2018-11-02,0.07127,0.0738,0.0706,0.07311
2018-11-03,0.07311,0.07331,0.0708,0.07177
2018-11-04,0.07177,0.07857,0.0712,0.0773
2018-11-05,0.0773,0.07946,0.07499,0.07685
2018-11-06,0.07678,0.08198,0.07678,0.08168
2018-11-07,0.08165,0.0826,0.07812,0.079
2018-11-08,0.07903,0.08,0.07647,0.07684
2018-11-09,0.07682,0.0782,0.07401,0.07463
2018-11-10,0.0746,0.07657,0.07419,0.07548

===== Patch 13 =====
2018-11-11,0.07549,0.07798,0.0746,0.077
2018-11-12,0.07698,0.078,0.07552,0.07687
2018-11-13,0.0769,0.07715,0.0744,0.07465
2018-11-14,0.07465,0.0747,0.06241,0.06657
2018-11-15,0.0665,0.0669,0.05811,0.06435
2018-11-16,0.06431,0.06499,0.0603,0.06145
2018-11-17,0.06148,0.06157,0.0596,0.06123
2018-11-18,0.06122,0.06354,0.06115,0.06234
2018-11-19,0.06235,0.06246,0.05112,0.0527
2018-11-20,0.05265,0.05334,0.0427,0.04587
2018-11-21,0.04582,0.04971,0.04332,0.04839
2018-11-22,0.04843,0.04914,0.04366,0.04407
2018-11-23,0.04409,0.0451,0.0416,0.0438
2018-11-24,0.0439,0.0454,0.03699,0.039
2018-11-25,0.039,0.03965,0.03315,0.03832
2018-11-26,0.03832,0.04017,0.03453,0.03652

===== Patch 14 =====
2018-11-27,0.03655,0.03778,0.03401,0.03693
2018-11-28,0.03695,0.0442,0.03691,0.04222
2018-11-29,0.04214,0.04487,0.03957,0.04194
2018-11-30,0.04198,0.0425,0.03765,0.03907
2018-12-01,0.03907,0.0424,0.03804,0.04138
2018-12-02,0.04133,0.0434,0.04057,0.04187
2018-12-03,0.04184,0.04214,0.03785,0.03848
2018-12-04,0.03849,0.04019,0.037,0.03752
2018-12-05,0.03755,0.03768,0.03371,0.03442
2018-12-06,0.03432,0.0359,0.0305,0.03072
2018-12-07,0.0307,0.031,0.02708,0.02975
2018-12-08,0.02971,0.03246,0.02825,0.0302
2018-12-09,0.03023,0.03242,0.02956,0.0311
2018-12-10,0.03106,0.03199,0.02914,0.02977
2018-12-11,0.02978,0.03013,0.0285,0.02931
2018-12-12,0.02931,0.03088,0.02892,0.03029

===== Patch 15 =====
2018-12-13,0.0303,0.03067,0.02872,0.02912
2018-12-14,0.02913,0.0296,0.02764,0.02832
2018-12-15,0.02831,0.0286,0.02761,0.02807
2018-12-16,0.02806,0.02986,0.02806,0.029
2018-12-17,0.029,0.03371,0.0289,0.03241
2018-12-18,0.03243,0.03463,0.03128,0.0343
2018-12-19,0.0343,0.03808,0.03365,0.03368
2018-12-20,0.03369,0.03987,0.0333,0.03871
2018-12-21,0.03869,0.04479,0.03787,0.04031
2018-12-22,0.0403,0.04175,0.03811,0.04156
2018-12-23,0.04157,0.04444,0.04082,0.04369
2018-12-24,0.04369,0.04899,0.04367,0.04499
2018-12-25,0.045,0.04522,0.03824,0.04107
2018-12-26,0.04104,0.04268,0.03811,0.0406
2018-12-27,0.04058,0.04139,0.03539,0.03611
2018-12-28,0.03617,0.04195,0.03561,0.04111

===== Patch 16 =====
2018-12-29,0.04106,0.04355,0.03987,0.04049
2018-12-30,0.04052,0.04319,0.03946,0.04263
2018-12-31,0.04262,0.04275,0.03975,0.04054
2019-01-01,0.04057,0.042,0.03964,0.04198
2019-01-02,0.04195,0.04543,0.04117,0.04433
2019-01-03,0.04432,0.04462,0.04154,0.04205
2019-01-04,0.04207,0.04361,0.04164,0.04301
2019-01-05,0.04301,0.04514,0.04241,0.04403
2019-01-06,0.044,0.0488,0.04378,0.04822
2019-01-07,0.04822,0.05,0.04651,0.04755
2019-01-08,0.04757,0.0497,0.04612,0.0478
2019-01-09,0.04781,0.05231,0.04771,0.05144
2019-01-10,0.05144,0.05412,0.04131,0.04366
2019-01-11,0.04365,0.04435,0.04163,0.0433
2019-01-12,0.04327,0.04393,0.04187,0.04288
2019-01-13,0.04288,0.04312,0.0388,0.03944

===== Patch 17 =====
2019-01-14,0.03944,0.04399,0.03939,0.04343
2019-01-15,0.04341,0.04387,0.04101,0.04201
2019-01-16,0.04199,0.04466,0.04167,0.04419
2019-01-17,0.0442,0.04575,0.043,0.04471
2019-01-18,0.0447,0.04478,0.04312,0.04372
2019-01-19,0.04373,0.04597,0.0433,0.04515
2019-01-20,0.04515,0.04556,0.04118,0.04287
2019-01-21,0.0429,0.04339,0.04183,0.04251
2019-01-22,0.04249,0.04401,0.04101,0.04334
2019-01-23,0.04332,0.04392,0.04199,0.04266
2019-01-24,0.04266,0.04342,0.04217,0.04284
2019-01-25,0.04282,0.04301,0.04209,0.0424
2019-01-26,0.04241,0.04338,0.04224,0.04241
2019-01-27,0.04238,0.04247,0.04014,0.04087
2019-01-28,0.04088,0.04121,0.0366,0.03855
2019-01-29,0.03855,0.03971,0.03661,0.03796

===== Patch 18 =====
2019-01-30,0.03796,0.04015,0.03741,0.03953
2019-01-31,0.03951,0.04023,0.03777,0.03824
2019-02-01,0.03825,0.03912,0.03701,0.03857
2019-02-02,0.03853,0.0395,0.03801,0.03929
2019-02-03,0.03929,0.03946,0.03761,0.03824
2019-02-04,0.03824,0.03883,0.0378,0.03799
2019-02-05,0.03798,0.03868,0.03756,0.03805
2019-02-06,0.03807,0.03829,0.03588,0.03667
2019-02-07,0.03667,0.03734,0.03632,0.03646
2019-02-08,0.03645,0.0425,0.03616,0.04072
2019-02-09,0.04072,0.04223,0.0405,0.04117
2019-02-10,0.04117,0.04309,0.03962,0.0429
2019-02-11,0.04292,0.04299,0.04137,0.04169
2019-02-12,0.04171,0.04208,0.04053,0.04173
2019-02-13,0.04172,0.04244,0.04087,0.04107
2019-02-14,0.04105,0.04144,0.0399,0.04037

===== Patch 19 =====
2019-02-15,0.04035,0.0416,0.04,0.04059
2019-02-16,0.04059,0.04148,0.04054,0.04101
2019-02-17,0.04103,0.04228,0.04055,0.04157
2019-02-18,0.0416,0.04686,0.04138,0.04564
2019-02-19,0.0456,0.0485,0.04542,0.04593
2019-02-20,0.04592,0.0477,0.04473,0.04748
2019-02-21,0.04744,0.04809,0.04401,0.04506
2019-02-22,0.04508,0.0461,0.04458,0.0458
2019-02-23,0.0458,0.04903,0.04541,0.04846
2019-02-24,0.0485,0.05053,0.04097,0.04156
2019-02-25,0.04162,0.04433,0.04159,0.04351
2019-02-26,0.0435,0.04358,0.0422,0.04296
2019-02-27,0.0429,0.04343,0.04145,0.04296
2019-02-28,0.04299,0.04368,0.04246,0.04287
2019-03-01,0.04288,0.04386,0.04277,0.043
2019-03-02,0.043,0.04338,0.04199,0.04242

===== Patch 20 =====
2019-03-03,0.04245,0.04276,0.0417,0.04206
2019-03-04,0.04211,0.04236,0.03908,0.04022
2019-03-05,0.04022,0.0434,0.04001,0.04292
2019-03-06,0.0429,0.04327,0.0418,0.04251
2019-03-07,0.0425,0.04338,0.04208,0.04275
2019-03-08,0.04277,0.04386,0.04207,0.04243
2019-03-09,0.04246,0.0472,0.04237,0.04681
2019-03-10,0.04689,0.04689,0.0443,0.04557
2019-03-11,0.04559,0.04842,0.04465,0.04732
2019-03-12,0.04732,0.04816,0.04566,0.04718
2019-03-13,0.04718,0.04851,0.04575,0.04626
2019-03-14,0.04626,0.04812,0.0459,0.04765
2019-03-15,0.04766,0.05065,0.04759,0.04988
2019-03-16,0.04983,0.05195,0.04866,0.05124
2019-03-17,0.05125,0.05134,0.04945,0.04983
2019-03-18,0.04985,0.0509,0.04899,0.04997

===== Patch 21 =====
2019-03-19,0.05,0.05313,0.04916,0.05205
2019-03-20,0.05207,0.05372,0.05068,0.05355
2019-03-21,0.05356,0.0547,0.04955,0.05235
2019-03-22,0.05231,0.05888,0.05184,0.05779
2019-03-23,0.05778,0.06464,0.05662,0.06349
2019-03-24,0.06348,0.06455,0.05894,0.06151
2019-03-25,0.06149,0.06155,0.0562,0.05857
2019-03-26,0.05857,0.06188,0.05853,0.0617
2019-03-27,0.06175,0.06783,0.06055,0.06697
2019-03-28,0.06692,0.06692,0.06383,0.06551
2019-03-29,0.06551,0.07338,0.06537,0.07112
2019-03-30,0.07121,0.07302,0.06854,0.0721
2019-03-31,0.07212,0.07249,0.06959,0.06989
2019-04-01,0.06984,0.0727,0.06888,0.0721
2019-04-02,0.0721,0.08549,0.0706,0.08544
2019-04-03,0.08544,0.09976,0.082,0.09062

===== Patch 22 =====
2019-04-04,0.0906,0.094,0.082,0.08716
2019-04-05,0.08717,0.09209,0.08678,0.09044
2019-04-06,0.09047,0.09375,0.08703,0.08988
2019-04-07,0.08981,0.09112,0.08799,0.0898
2019-04-08,0.08983,0.09175,0.08135,0.08604
2019-04-09,0.08605,0.0862,0.07971,0.08288
2019-04-10,0.08287,0.0916,0.08265,0.08947
2019-04-11,0.08948,0.09023,0.07575,0.08297
2019-04-12,0.08294,0.0849,0.07877,0.0825
2019-04-13,0.0825,0.08477,0.082,0.08284
2019-04-14,0.08284,0.08488,0.08051,0.08416
2019-04-15,0.08415,0.08531,0.08024,0.0816
2019-04-16,0.08159,0.08314,0.07942,0.08271
2019-04-17,0.08271,0.08394,0.08107,0.08244
2019-04-18,0.08242,0.08349,0.08054,0.08118
2019-04-19,0.0812,0.0812,0.075,0.07884

===== Patch 23 =====
2019-04-20,0.07888,0.07903,0.07431,0.07597
2019-04-21,0.07594,0.07746,0.07066,0.0733
2019-04-22,0.07331,0.07885,0.07131,0.078
2019-04-23,0.07794,0.07979,0.07311,0.07351
2019-04-24,0.07351,0.0752,0.06765,0.07205
2019-04-25,0.07209,0.076,0.068,0.06956
2019-04-26,0.06956,0.0725,0.06672,0.06989
2019-04-27,0.06985,0.07237,0.06877,0.0705
2019-04-28,0.0705,0.07123,0.068,0.06878
2019-04-29,0.06874,0.0693,0.06401,0.0651
2019-04-30,0.06513,0.07019,0.0647,0.0701
2019-05-01,0.07016,0.0706,0.06722,0.0688
2019-05-02,0.06889,0.06977,0.06801,0.06856
2019-05-03,0.06845,0.0718,0.06738,0.06995
2019-05-04,0.06992,0.07225,0.06554,0.06687
2019-05-05,0.06687,0.06816,0.0657,0.06603

===== Patch 24 =====
2019-05-06,0.06603,0.0688,0.06331,0.06696
2019-05-07,0.06698,0.06882,0.0637,0.06412
2019-05-08,0.06415,0.06545,0.062,0.0647
2019-05-09,0.0647,0.06537,0.06036,0.06169
2019-05-10,0.06169,0.06529,0.0591,0.06314
2019-05-11,0.0632,0.07854,0.06293,0.0739
2019-05-12,0.07389,0.07707,0.06755,0.07022
2019-05-13,0.07021,0.07646,0.06947,0.0727
2019-05-14,0.0727,0.08479,0.07231,0.08448
2019-05-15,0.08443,0.09535,0.083,0.0939
2019-05-16,0.0939,0.1008,0.08343,0.08802
2019-05-17,0.08803,0.0908,0.0755,0.08275
2019-05-18,0.08273,0.08507,0.07835,0.07872
2019-05-19,0.07873,0.088,0.07841,0.08613
2019-05-20,0.08607,0.0869,0.07924,0.08439
2019-05-21,0.08448,0.086,0.08182,0.08403

===== Patch 25 =====
2019-05-22,0.08401,0.08541,0.07692,0.07749
2019-05-23,0.07744,0.08435,0.07381,0.08034
2019-05-24,0.08033,0.08315,0.07784,0.08062
2019-05-25,0.08058,0.0822,0.079,0.08006
2019-05-26,0.08008,0.08682,0.07801,0.08514
2019-05-27,0.08516,0.09384,0.08442,0.09034
2019-05-28,0.09035,0.09351,0.08701,0.09289
2019-05-29,0.09287,0.09362,0.08539,0.09082
2019-05-30,0.09082,0.0968,0.08002,0.08392
2019-05-31,0.08403,0.08983,0.08132,0.08914
2019-06-01,0.08906,0.0927,0.08544,0.09047
2019-06-02,0.09033,0.09755,0.09013,0.0963
2019-06-03,0.09636,0.09833,0.087,0.08745
2019-06-04,0.08745,0.08832,0.07924,0.08247
2019-06-05,0.08244,0.08431,0.07924,0.08252
2019-06-06,0.0826,0.08385,0.078,0.08308

===== Patch 26 =====
2019-06-07,0.08308,0.08702,0.08164,0.085
2019-06-08,0.085,0.08622,0.0815,0.08356
2019-06-09,0.08356,0.08385,0.07695,0.07887
2019-06-10,0.07892,0.08529,0.07773,0.08508
2019-06-11,0.08502,0.08913,0.08167,0.08742
2019-06-12,0.08743,0.09628,0.08576,0.09603
2019-06-13,0.09603,0.0966,0.08796,0.08966
2019-06-14,0.08956,0.09095,0.085,0.09008
2019-06-15,0.09,0.0926,0.0897,0.09127
2019-06-16,0.09118,0.09402,0.08966,0.09189
2019-06-17,0.09189,0.09365,0.09108,0.09334
2019-06-18,0.09341,0.09365,0.0881,0.08907
2019-06-19,0.08916,0.09158,0.08843,0.08957
2019-06-20,0.08956,0.0903,0.08507,0.08731
2019-06-21,0.08731,0.0908,0.08719,0.08899
2019-06-22,0.0891,0.0977,0.08811,0.09482

===== Patch 27 =====
2019-06-23,0.09481,0.10379,0.09441,0.097
2019-06-24,0.09689,0.09959,0.09412,0.09789
2019-06-25,0.09787,0.09831,0.09352,0.09654
2019-06-26,0.09655,0.10687,0.0951,0.09814
2019-06-27,0.09782,0.09954,0.08348,0.0864
2019-06-28,0.08644,0.089,0.08496,0.08873
2019-06-29,0.08873,0.09095,0.08426,0.08975
2019-06-30,0.08987,0.09077,0.0813,0.08226
2019-07-01,0.08227,0.08599,0.08019,0.0836
2019-07-02,0.08354,0.08432,0.07662,0.08054
2019-07-03,0.08065,0.08315,0.07902,0.08231
2019-07-04,0.08225,0.08249,0.07701,0.07737
2019-07-05,0.07749,0.07814,0.07568,0.07631
2019-07-06,0.07625,0.08076,0.07617,0.07745
2019-07-07,0.07739,0.08004,0.07657,0.0797
2019-07-08,0.07976,0.08193,0.0788,0.0801

===== Patch 28 =====
2019-07-09,0.0801,0.08073,0.077,0.07783
2019-07-10,0.07786,0.07835,0.06947,0.07178
2019-07-11,0.0717,0.0717,0.06232,0.06515
2019-07-12,0.06508,0.07057,0.06328,0.06937
2019-07-13,0.06946,0.07149,0.06438,0.06672
2019-07-14,0.06672,0.0671,0.05877,0.05923
2019-07-15,0.05907,0.06015,0.05463,0.05902
2019-07-16,0.05901,0.06095,0.05006,0.05181
2019-07-17,0.0518,0.05777,0.04985,0.05505
2019-07-18,0.05511,0.05965,0.05315,0.05843
2019-07-19,0.0584,0.06068,0.05591,0.0596
2019-07-20,0.05964,0.06509,0.05922,0.06262
2019-07-21,0.06262,0.064,0.0593,0.06107
2019-07-22,0.06117,0.06216,0.05808,0.05949
2019-07-23,0.05946,0.0596,0.05516,0.05568
2019-07-24,0.05563,0.05904,0.05385,0.05876

===== Patch 29 =====
2019-07-25,0.05875,0.06069,0.05731,0.05852
2019-07-26,0.05853,0.06297,0.05681,0.06261
2019-07-27,0.06259,0.06354,0.057,0.05988
2019-07-28,0.05984,0.06018,0.05675,0.05936
2019-07-29,0.05939,0.06258,0.05805,0.06035
2019-07-30,0.06038,0.06141,0.05878,0.05975
2019-07-31,0.05975,0.06108,0.05915,0.06011
2019-08-01,0.06006,0.06035,0.05767,0.05861
2019-08-02,0.0586,0.05882,0.05576,0.05731
2019-08-03,0.05737,0.0583,0.05683,0.05774
2019-08-04,0.05774,0.0583,0.05593,0.05605
2019-08-05,0.0561,0.0582,0.05603,0.05642
2019-08-06,0.05652,0.05657,0.05305,0.0535
2019-08-07,0.05343,0.0543,0.05135,0.05197
2019-08-08,0.05194,0.05326,0.0504,0.05213
2019-08-09,0.05211,0.05231,0.04735,0.04769

===== Patch 30 =====
2019-08-10,0.04772,0.05347,0.04766,0.05195
2019-08-11,0.05194,0.056,0.05161,0.05472
2019-08-12,0.05479,0.05491,0.05258,0.05304
2019-08-13,0.05307,0.05328,0.04931,0.05268
2019-08-14,0.05263,0.05382,0.04656,0.04716
2019-08-15,0.0472,0.04821,0.04598,0.04733
2019-08-16,0.04737,0.04759,0.04454,0.04668
2019-08-17,0.04668,0.04808,0.04617,0.04739
2019-08-18,0.04739,0.05127,0.04696,0.05061
2019-08-19,0.05065,0.05084,0.04944,0.05002
2019-08-20,0.05006,0.0503,0.04851,0.04917
2019-08-21,0.04919,0.04919,0.04595,0.04736
2019-08-22,0.04738,0.0512,0.0467,0.04918
2019-08-23,0.0492,0.0503,0.0486,0.04964
2019-08-24,0.04966,0.0515,0.04809,0.05016
2019-08-25,0.05017,0.05265,0.0484,0.04949

===== Patch 31 =====
2019-08-26,0.04949,0.05082,0.04872,0.04964
2019-08-27,0.04964,0.04999,0.04811,0.04988
2019-08-28,0.04988,0.05041,0.04508,0.04587
2019-08-29,0.04587,0.04587,0.04312,0.0445
2019-08-30,0.0445,0.04578,0.04397,0.04474
2019-08-31,0.04472,0.04546,0.04367,0.04473
2019-09-01,0.04472,0.04519,0.0435,0.04425
2019-09-02,0.04422,0.04626,0.04323,0.04531
2019-09-03,0.04527,0.04744,0.04446,0.04667
2019-09-04,0.04667,0.04668,0.04501,0.04543
2019-09-05,0.04543,0.04543,0.04371,0.0444
2019-09-06,0.04439,0.0447,0.0434,0.04423
2019-09-07,0.04422,0.04659,0.04364,0.04597
2019-09-08,0.04599,0.0475,0.0459,0.04657
2019-09-09,0.04657,0.04727,0.04531,0.0468
2019-09-10,0.04676,0.04814,0.04562,0.04646

===== Patch 32 =====
2019-09-11,0.04641,0.04713,0.04438,0.04487
2019-09-12,0.04493,0.04629,0.04423,0.04541
2019-09-13,0.04541,0.04594,0.04485,0.0457
2019-09-14,0.0457,0.0471,0.04468,0.04642
2019-09-15,0.04643,0.04711,0.0461,0.04664
2019-09-16,0.04665,0.04749,0.04562,0.04702
2019-09-17,0.04704,0.05072,0.04691,0.04887
2019-09-18,0.04887,0.05557,0.04881,0.05308
2019-09-19,0.05307,0.05456,0.04941,0.05231
2019-09-20,0.05233,0.05258,0.05006,0.05253
2019-09-21,0.05251,0.05336,0.05107,0.05179
2019-09-22,0.05177,0.0519,0.04765,0.04892
2019-09-23,0.04892,0.04945,0.04602,0.04633
2019-09-24,0.04635,0.04659,0.03525,0.03724
2019-09-25,0.03724,0.04031,0.03585,0.03912
2019-09-26,0.03917,0.04014,0.03498,0.03818

===== Patch 33 =====
2019-09-27,0.03818,0.0398,0.03686,0.03911
2019-09-28,0.03911,0.03957,0.0379,0.0386
2019-09-29,0.03862,0.0388,0.03594,0.03715
2019-09-30,0.03716,0.03946,0.0357,0.03888
2019-10-01,0.03888,0.03995,0.03809,0.03824
2019-10-02,0.03824,0.03945,0.03756,0.03923
2019-10-03,0.03923,0.03959,0.03746,0.03818
2019-10-04,0.03816,0.04023,0.03733,0.0393
2019-10-05,0.0393,0.03977,0.03863,0.03967
2019-10-06,0.03967,0.03999,0.03801,0.03881
2019-10-07,0.03879,0.04186,0.03808,0.04136
2019-10-08,0.04136,0.04217,0.0403,0.0412
2019-10-09,0.04121,0.04345,0.04076,0.04238
2019-10-10,0.04237,0.04262,0.0406,0.04161
2019-10-11,0.04164,0.04239,0.03987,0.04006
2019-10-12,0.04006,0.04093,0.04001,0.0404

===== Patch 34 =====
2019-10-13,0.04041,0.04172,0.0403,0.04127
2019-10-14,0.04127,0.04205,0.04069,0.04173
2019-10-15,0.04173,0.04191,0.03904,0.03957
2019-10-16,0.03955,0.03988,0.03754,0.03839
2019-10-17,0.03843,0.03947,0.03783,0.03932
2019-10-18,0.03934,0.03951,0.03729,0.03795
2019-10-19,0.03796,0.03959,0.03755,0.03897
2019-10-20,0.03898,0.0395,0.03814,0.03946
2019-10-21,0.03946,0.03949,0.03839,0.03904
2019-10-22,0.03905,0.03998,0.0385,0.03859
2019-10-23,0.03857,0.0388,0.03513,0.03635
2019-10-24,0.03635,0.03796,0.03587,0.0373
2019-10-25,0.03728,0.04202,0.03721,0.04115
2019-10-26,0.04116,0.04329,0.03915,0.0405
2019-10-27,0.04048,0.04342,0.03945,0.04216
2019-10-28,0.0422,0.04492,0.04174,0.04217

===== Patch 35 =====
2019-10-29,0.04217,0.044,0.04203,0.04341
2019-10-30,0.04341,0.0445,0.04109,0.04171
2019-10-31,0.04169,0.04229,0.0401,0.04126
2019-11-01,0.04125,0.04259,0.04084,0.04211
2019-11-02,0.04211,0.04259,0.04171,0.04237
2019-11-03,0.04237,0.04257,0.04127,0.04168
2019-11-04,0.04171,0.04346,0.04138,0.0432
2019-11-05,0.04321,0.0448,0.04299,0.04411
2019-11-06,0.04411,0.04603,0.04356,0.04475
2019-11-07,0.04478,0.04491,0.04252,0.04342
2019-11-08,0.04342,0.04382,0.0411,0.04216
2019-11-09,0.04215,0.04281,0.04197,0.04241
2019-11-10,0.04239,0.04416,0.04228,0.04384
2019-11-11,0.04385,0.044,0.04232,0.04315
2019-11-12,0.04316,0.04456,0.04294,0.0437
2019-11-13,0.04372,0.04394,0.0431,0.04326

===== Patch 36 =====
2019-11-14,0.04328,0.04342,0.042,0.04279
2019-11-15,0.04278,0.04452,0.04169,0.04388
2019-11-16,0.04387,0.04478,0.04319,0.04386
2019-11-17,0.04386,0.04592,0.0431,0.04501
2019-11-18,0.04501,0.04624,0.04279,0.04315
2019-11-19,0.04314,0.04345,0.04103,0.04212
2019-11-20,0.04213,0.04236,0.04022,0.0409
2019-11-21,0.0409,0.04111,0.03716,0.03837
2019-11-22,0.03838,0.03866,0.03411,0.03699
2019-11-23,0.037,0.03836,0.03647,0.03798
2019-11-24,0.03799,0.03869,0.03489,0.03498
2019-11-25,0.03497,0.03734,0.0315,0.03576
2019-11-26,0.0358,0.03717,0.03539,0.03669
2019-11-27,0.03672,0.03992,0.03512,0.03898
2019-11-28,0.03901,0.0398,0.03825,0.03901
2019-11-29,0.03902,0.042,0.03897,0.04127

===== Patch 37 =====
2019-11-30,0.04126,0.04212,0.03975,0.04032
2019-12-01,0.04032,0.04035,0.03812,0.03956
2019-12-02,0.03956,0.03959,0.03736,0.03793
2019-12-03,0.03793,0.0388,0.0373,0.03775
2019-12-04,0.03774,0.03878,0.03618,0.03712
2019-12-05,0.03711,0.03816,0.0367,0.03761
2019-12-06,0.03756,0.0383,0.03712,0.03825
2019-12-07,0.03823,0.03911,0.03796,0.03842
2019-12-08,0.03843,0.03887,0.03791,0.03872
2019-12-09,0.03872,0.03881,0.03692,0.03723
2019-12-10,0.03719,0.03834,0.03604,0.03634
2019-12-11,0.03631,0.03717,0.03609,0.03664
2019-12-12,0.03665,0.03696,0.03589,0.0365
2019-12-13,0.03649,0.0374,0.03637,0.03723
2019-12-14,0.03722,0.03732,0.03569,0.03622
2019-12-15,0.03622,0.03666,0.0358,0.03649

===== Patch 38 =====
2019-12-16,0.03646,0.03655,0.03306,0.03412
2019-12-17,0.03412,0.03415,0.03115,0.03168
2019-12-18,0.03166,0.03469,0.03032,0.03437
2019-12-19,0.03436,0.03473,0.03283,0.03303
2019-12-20,0.03303,0.0342,0.03253,0.03391
2019-12-21,0.03389,0.03393,0.03285,0.03303
2019-12-22,0.03302,0.0345,0.03299,0.03436
2019-12-23,0.03438,0.03462,0.03287,0.03312
2019-12-24,0.03306,0.03461,0.03282,0.03388
2019-12-25,0.03385,0.03406,0.03288,0.03334
2019-12-26,0.03337,0.03495,0.03333,0.03416
2019-12-27,0.03415,0.0344,0.03153,0.0329
2019-12-28,0.03293,0.03419,0.03283,0.03365
2019-12-29,0.03365,0.03467,0.03331,0.03412
2019-12-30,0.03412,0.0344,0.03315,0.03344
2019-12-31,0.03343,0.03382,0.03279,0.03285

===== Patch 39 =====
2020-01-01,0.03285,0.0338,0.0327,0.03348
2020-01-02,0.03345,0.03348,0.03218,0.03269
2020-01-03,0.03269,0.03446,0.03236,0.03417
2020-01-04,0.03417,0.0345,0.03375,0.03434
2020-01-05,0.03436,0.03527,0.03419,0.0346
2020-01-06,0.03461,0.03736,0.03439,0.03732
2020-01-07,0.03732,0.03808,0.03638,0.037
2020-01-08,0.03696,0.03875,0.0358,0.03631
2020-01-09,0.0363,0.03637,0.03548,0.03616
2020-01-10,0.03616,0.03709,0.03468,0.03693
2020-01-11,0.03693,0.0378,0.03641,0.03678
2020-01-12,0.03673,0.03792,0.03653,0.03792
2020-01-13,0.03788,0.03795,0.0367,0.03682
2020-01-14,0.03682,0.04277,0.03681,0.04161
2020-01-15,0.04161,0.04324,0.04001,0.04275
2020-01-16,0.04277,0.0433,0.04017,0.04168

===== Patch 40 =====
2020-01-17,0.04169,0.04595,0.04114,0.0449
2020-01-18,0.04488,0.04583,0.04311,0.04489
2020-01-19,0.04489,0.046,0.04129,0.042
2020-01-20,0.042,0.04435,0.04197,0.04378
2020-01-21,0.04379,0.04684,0.04345,0.04602
2020-01-22,0.04604,0.04655,0.0452,0.04575
2020-01-23,0.04575,0.0459,0.0421,0.04318
2020-01-24,0.04319,0.04539,0.04135,0.04495
2020-01-25,0.04493,0.04525,0.04289,0.04314
2020-01-26,0.04314,0.04478,0.04287,0.04477
2020-01-27,0.04479,0.04903,0.044,0.04796
2020-01-28,0.048,0.05471,0.04749,0.0529
2020-01-29,0.05291,0.05771,0.0526,0.05329
2020-01-30,0.0533,0.0573,0.05218,0.05614
2020-01-31,0.05614,0.0568,0.05215,0.0539
2020-02-01,0.0539,0.05723,0.05312,0.0561

===== Patch 41 =====
2020-02-02,0.05608,0.0587,0.05489,0.0557
2020-02-03,0.05572,0.05785,0.05528,0.05696
2020-02-04,0.05698,0.05788,0.05395,0.05601
2020-02-05,0.05601,0.06019,0.05561,0.05933
2020-02-06,0.05931,0.06088,0.05795,0.06008
2020-02-07,0.06011,0.06279,0.0594,0.05987
2020-02-08,0.05987,0.06135,0.05703,0.06002
2020-02-09,0.06001,0.0624,0.05997,0.06188
2020-02-10,0.06188,0.0621,0.0584,0.06029
2020-02-11,0.06027,0.0635,0.0589,0.06335
2020-02-12,0.06339,0.07034,0.06336,0.06817
2020-02-13,0.0682,0.07231,0.06481,0.06867
2020-02-14,0.06868,0.07127,0.06712,0.07074
2020-02-15,0.07071,0.07136,0.06234,0.06426
2020-02-16,0.06423,0.06713,0.05669,0.06146
2020-02-17,0.06145,0.0627,0.05572,0.06019

===== Patch 42 =====
2020-02-18,0.0602,0.06373,0.05771,0.06274
2020-02-19,0.06279,0.063,0.05652,0.05737
2020-02-20,0.05731,0.05894,0.05515,0.05815
2020-02-21,0.05817,0.06,0.05738,0.05853
2020-02-22,0.05856,0.05909,0.05696,0.05825
2020-02-23,0.05819,0.062,0.0581,0.06145
2020-02-24,0.06143,0.0618,0.05729,0.05906
2020-02-25,0.05906,0.05916,0.05585,0.05603
2020-02-26,0.05603,0.05667,0.04654,0.04915
2020-02-27,0.04915,0.05217,0.0462,0.04986
2020-02-28,0.04985,0.05134,0.0465,0.04885
2020-02-29,0.04888,0.05,0.04707,0.0471
2020-03-01,0.04706,0.04831,0.04506,0.04561
2020-03-02,0.04559,0.0498,0.04544,0.04923
2020-03-03,0.04922,0.04941,0.04743,0.04866
2020-03-04,0.04868,0.05034,0.04789,0.04898

===== Patch 43 =====
2020-03-05,0.04898,0.05229,0.04898,0.05096
2020-03-06,0.05096,0.05174,0.04982,0.05174
2020-03-07,0.05171,0.05186,0.04815,0.04879
2020-03-08,0.04876,0.04876,0.04232,0.04291
2020-03-09,0.04291,0.044,0.03895,0.04156
2020-03-10,0.04151,0.04299,0.04032,0.04146
2020-03-11,0.04145,0.04182,0.03729,0.03969
2020-03-12,0.0397,0.03983,0.02191,0.02329
2020-03-13,0.02332,0.02938,0.01765,0.02843
2020-03-14,0.02844,0.0289,0.02529,0.02582
2020-03-15,0.02577,0.02904,0.02546,0.02693
2020-03-16,0.02692,0.02697,0.02156,0.02423
2020-03-17,0.02424,0.0265,0.02386,0.02575
2020-03-18,0.02573,0.02653,0.02428,0.02607
2020-03-19,0.02608,0.03198,0.0258,0.0303
2020-03-20,0.03029,0.03396,0.02659,0.02946

===== Patch 44 =====
2020-03-21,0.02945,0.03067,0.0279,0.02948
2020-03-22,0.02945,0.03044,0.02679,0.02703
2020-03-23,0.02704,0.02993,0.0266,0.02925
2020-03-24,0.02923,0.03041,0.02874,0.03023
2020-03-25,0.03025,0.03043,0.02872,0.02945
2020-03-26,0.02947,0.03102,0.02923,0.03086
2020-03-27,0.03085,0.03143,0.02828,0.02882
2020-03-28,0.02882,0.02998,0.0278,0.02975
2020-03-29,0.02979,0.02999,0.02803,0.02806
2020-03-30,0.02808,0.03044,0.02801,0.02965
2020-03-31,0.02965,0.03067,0.0295,0.03045
2020-04-01,0.03045,0.03097,0.02942,0.03097
2020-04-02,0.03097,0.03352,0.0307,0.03188
2020-04-03,0.03187,0.03272,0.03156,0.03231
2020-04-04,0.03231,0.03272,0.0317,0.03244
2020-04-05,0.03244,0.03256,0.03159,0.0319

===== Patch 45 =====
2020-04-06,0.03191,0.03611,0.0319,0.03592
2020-04-07,0.03591,0.03695,0.0345,0.03525
2020-04-08,0.03528,0.03683,0.03522,0.03639
2020-04-09,0.03638,0.0366,0.03518,0.03607
2020-04-10,0.03609,0.0362,0.03215,0.03321
2020-04-11,0.03322,0.0341,0.03261,0.03343
2020-04-12,0.03341,0.03489,0.0329,0.03347
2020-04-13,0.03345,0.03353,0.03189,0.03311
2020-04-14,0.03311,0.03376,0.03268,0.03312
2020-04-15,0.03311,0.0337,0.03177,0.03185
2020-04-16,0.03184,0.035,0.03089,0.03446
2020-04-17,0.03445,0.03494,0.03403,0.03432
2020-04-18,0.03432,0.037,0.03431,0.03654
2020-04-19,0.03657,0.03675,0.03506,0.03549
2020-04-20,0.03549,0.0366,0.03382,0.03391
2020-04-21,0.0339,0.035,0.0337,0.03454

===== Patch 46 =====
2020-04-22,0.03451,0.03668,0.03436,0.03664
2020-04-23,0.03663,0.04257,0.03644,0.04088
2020-04-24,0.04086,0.04473,0.04084,0.04165
2020-04-25,0.04165,0.04358,0.04102,0.04222
2020-04-26,0.04222,0.04616,0.04185,0.04593
2020-04-27,0.04594,0.04765,0.04415,0.04648
2020-04-28,0.04646,0.0481,0.04595,0.04679
2020-04-29,0.04679,0.052,0.04678,0.05146
2020-04-30,0.05148,0.05439,0.04701,0.04752
2020-05-01,0.04751,0.05187,0.04744,0.05091
2020-05-02,0.05092,0.05147,0.04941,0.0509
2020-05-03,0.05095,0.05169,0.04754,0.04898
2020-05-04,0.04897,0.05027,0.04612,0.04942
2020-05-05,0.04943,0.0506,0.04867,0.04945
2020-05-06,0.04949,0.05119,0.04863,0.04889
2020-05-07,0.0489,0.05158,0.04826,0.05123

===== Patch 47 =====
2020-05-08,0.05121,0.05376,0.05088,0.05201
2020-05-09,0.05201,0.05308,0.05121,0.05145
2020-05-10,0.05145,0.05156,0.0425,0.04755
2020-05-11,0.04758,0.05,0.04485,0.04779
2020-05-12,0.04778,0.05118,0.04772,0.05043
2020-05-13,0.05043,0.05227,0.0496,0.05147
2020-05-14,0.05147,0.052,0.05039,0.05098
2020-05-15,0.05098,0.05197,0.04951,0.05026
2020-05-16,0.05031,0.05141,0.04989,0.051
2020-05-17,0.051,0.05225,0.05089,0.05129
2020-05-18,0.05128,0.055,0.05113,0.05434
2020-05-19,0.05433,0.057,0.05255,0.05677
2020-05-20,0.05675,0.0576,0.05382,0.05689
2020-05-21,0.05686,0.0576,0.05023,0.05207
2020-05-22,0.0521,0.057,0.05133,0.05576
2020-05-23,0.05576,0.05648,0.0542,0.0549

===== Patch 48 =====
2020-05-24,0.0549,0.05616,0.0512,0.05125
2020-05-25,0.05129,0.05434,0.05102,0.0539
2020-05-26,0.05394,0.05417,0.05189,0.05355
2020-05-27,0.05356,0.05595,0.05302,0.05513
2020-05-28,0.05512,0.06766,0.05487,0.06502
2020-05-29,0.06495,0.06667,0.06252,0.06469
2020-05-30,0.06469,0.07748,0.06373,0.07691
2020-05-31,0.07688,0.0865,0.072,0.0739
2020-06-01,0.07391,0.08306,0.07347,0.08093
2020-06-02,0.08096,0.08248,0.0708,0.07872
2020-06-03,0.07872,0.0861,0.07707,0.08558
2020-06-04,0.08558,0.09039,0.08342,0.08882
2020-06-05,0.08882,0.08914,0.08393,0.08517
2020-06-06,0.08519,0.0873,0.08475,0.08614
2020-06-07,0.08616,0.08867,0.0825,0.08657
2020-06-08,0.08655,0.08695,0.08458,0.08648

===== Patch 49 =====
2020-06-09,0.08649,0.08678,0.08284,0.08291
2020-06-10,0.08292,0.08399,0.07938,0.0836
2020-06-11,0.0836,0.08512,0.073,0.07527
2020-06-12,0.07527,0.0809,0.07497,0.07948
2020-06-13,0.07948,0.07959,0.077,0.07906
2020-06-14,0.07909,0.07918,0.07561,0.07642
2020-06-15,0.07644,0.07984,0.0693,0.07824
2020-06-16,0.07822,0.07978,0.07656,0.07925
2020-06-17,0.07925,0.08398,0.07729,0.08349
2020-06-18,0.0835,0.08454,0.08001,0.08176
2020-06-19,0.08177,0.0819,0.07844,0.07987
2020-06-20,0.07993,0.08023,0.077,0.07953
2020-06-21,0.07956,0.08099,0.07814,0.07841
2020-06-22,0.07839,0.08396,0.07821,0.08355
2020-06-23,0.08359,0.08445,0.08152,0.08276
2020-06-24,0.08278,0.08723,0.07995,0.08254

===== Patch 50 =====
2020-06-25,0.08251,0.08351,0.07863,0.08167
2020-06-26,0.08166,0.08181,0.07934,0.08062
2020-06-27,0.08063,0.081,0.07453,0.07738
2020-06-28,0.07738,0.08109,0.0762,0.08028
2020-06-29,0.08026,0.08444,0.08026,0.08392
2020-06-30,0.08394,0.0847,0.08181,0.08299
2020-07-01,0.083,0.09708,0.0824,0.09681
2020-07-02,0.09685,0.09685,0.08742,0.09291
2020-07-03,0.09291,0.1021,0.09221,0.09655
2020-07-04,0.09652,0.10118,0.09591,0.10005
2020-07-05,0.10005,0.10005,0.0942,0.09813
2020-07-06,0.09815,0.10676,0.09722,0.10512
2020-07-07,0.10512,0.11916,0.10289,0.11764
2020-07-08,0.11764,0.13877,0.1147,0.12993
2020-07-09,0.12992,0.12993,0.11744,0.12403
2020-07-10,0.12401,0.12428,0.11026,0.11846

===== Patch 51 =====
2020-07-11,0.11843,0.12726,0.11767,0.12523
2020-07-12,0.12519,0.12849,0.12036,0.12685
2020-07-13,0.12689,0.136,0.12078,0.12427
2020-07-14,0.12426,0.135,0.1208,0.13256
2020-07-15,0.13254,0.13283,0.12732,0.13069
2020-07-16,0.13071,0.13333,0.11829,0.12602
2020-07-17,0.12605,0.12671,0.12163,0.12224
2020-07-18,0.12224,0.12475,0.11823,0.1227
2020-07-19,0.12267,0.12475,0.12113,0.12402
2020-07-20,0.12401,0.12431,0.11465,0.11771
2020-07-21,0.11772,0.12468,0.11671,0.12321
2020-07-22,0.1232,0.12466,0.12032,0.1238
2020-07-23,0.12385,0.12607,0.12333,0.12422
2020-07-24,0.1242,0.12437,0.12053,0.12197
2020-07-25,0.122,0.14588,0.12195,0.14362
2020-07-26,0.14368,0.15464,0.14131,0.14849

===== Patch 52 =====
2020-07-27,0.14847,0.14983,0.13,0.13859
2020-07-28,0.13861,0.15101,0.13399,0.14904
2020-07-29,0.14904,0.14998,0.138,0.13972
2020-07-30,0.13976,0.1426,0.13687,0.1406
2020-07-31,0.14056,0.14133,0.13552,0.13878
2020-08-01,0.13876,0.14691,0.13814,0.1441
2020-08-02,0.14415,0.1485,0.1258,0.13375
2020-08-03,0.13381,0.1393,0.132,0.1373
2020-08-04,0.13735,0.14825,0.13611,0.14335
2020-08-05,0.14333,0.14533,0.1397,0.14227
2020-08-06,0.14229,0.14585,0.13986,0.14444
2020-08-07,0.14441,0.14746,0.1327,0.13888
2020-08-08,0.13891,0.14788,0.13723,0.14696
2020-08-09,0.14695,0.1523,0.142,0.14512
2020-08-10,0.14512,0.14653,0.14162,0.14383
2020-08-11,0.14376,0.1445,0.13131,0.13685

===== Patch 53 =====
2020-08-12,0.13685,0.13787,0.12336,0.1367
2020-08-13,0.1367,0.14212,0.13161,0.13944
2020-08-14,0.13943,0.14117,0.13739,0.13826
2020-08-15,0.13826,0.1418,0.1362,0.13837
2020-08-16,0.13838,0.13961,0.13483,0.13882
2020-08-17,0.13882,0.14484,0.13731,0.14039
2020-08-18,0.14039,0.144,0.13374,0.13691
2020-08-19,0.13686,0.13832,0.1258,0.12966
2020-08-20,0.12964,0.13453,0.12605,0.13413
2020-08-21,0.1342,0.13436,0.1214,0.12315
2020-08-22,0.12314,0.12618,0.1182,0.12515
2020-08-23,0.12516,0.1259,0.11929,0.12141
2020-08-24,0.12146,0.12707,0.12,0.12361
2020-08-25,0.12359,0.12395,0.10485,0.11239
2020-08-26,0.11239,0.11819,0.11019,0.11435
2020-08-27,0.11431,0.11583,0.10211,0.10725

===== Patch 54 =====
2020-08-28,0.10726,0.11166,0.10602,0.10927
2020-08-29,0.10926,0.11796,0.10799,0.11623
2020-08-30,0.11624,0.11879,0.11369,0.11747
2020-08-31,0.11742,0.1268,0.11296,0.12253
2020-09-01,0.1225,0.12812,0.11896,0.12445
2020-09-02,0.12444,0.12642,0.11031,0.11489
2020-09-03,0.1149,0.11693,0.09222,0.09446
2020-09-04,0.09448,0.10399,0.09215,0.10156
2020-09-05,0.1016,0.10398,0.0854,0.09
2020-09-06,0.08998,0.09614,0.0855,0.0926
2020-09-07,0.09266,0.09421,0.08603,0.0936
2020-09-08,0.09365,0.09699,0.08845,0.09101
2020-09-09,0.09105,0.09575,0.08925,0.09331
2020-09-10,0.09329,0.0995,0.09318,0.09709
2020-09-11,0.09704,0.09755,0.09308,0.09701
2020-09-12,0.09696,0.0985,0.09446,0.09771

===== Patch 55 =====
2020-09-13,0.09769,0.09981,0.09234,0.09507
2020-09-14,0.09509,0.09787,0.09293,0.09663
2020-09-15,0.09659,0.09804,0.09286,0.09313
2020-09-16,0.09309,0.09334,0.08951,0.09151
2020-09-17,0.09151,0.09475,0.09075,0.09408
2020-09-18,0.09405,0.09415,0.08963,0.09093
2020-09-19,0.09092,0.09325,0.09044,0.09141
2020-09-20,0.09139,0.09223,0.08751,0.08936
2020-09-21,0.08936,0.09017,0.077,0.07983
2020-09-22,0.07989,0.08335,0.07906,0.08146
2020-09-23,0.08148,0.0828,0.07545,0.07663
2020-09-24,0.07663,0.08376,0.07549,0.08254
2020-09-25,0.08254,0.09867,0.08233,0.09693
2020-09-26,0.09691,0.09997,0.09226,0.09547
2020-09-27,0.09541,0.10273,0.09419,0.1013
2020-09-28,0.10132,0.10671,0.09957,0.1003

===== Patch 56 =====
2020-09-29,0.10026,0.1036,0.09735,0.1011
2020-09-30,0.1011,0.10175,0.09662,0.10136
2020-10-01,0.10136,0.10465,0.09458,0.09804
2020-10-02,0.09803,0.1004,0.08967,0.09286
2020-10-03,0.09285,0.09532,0.09208,0.09328
2020-10-04,0.09332,0.09804,0.09205,0.09686
2020-10-05,0.09684,0.09948,0.09585,0.09738
2020-10-06,0.0974,0.09864,0.09122,0.09289
2020-10-07,0.09287,0.09449,0.08934,0.09374
2020-10-08,0.09372,0.09731,0.08975,0.09632
2020-10-09,0.09632,0.10255,0.09485,0.10129
2020-10-10,0.10133,0.11151,0.10133,0.10493
2020-10-11,0.10488,0.10899,0.10415,0.10648
2020-10-12,0.10652,0.11369,0.10216,0.10945
2020-10-13,0.10951,0.11428,0.10751,0.10925
2020-10-14,0.10927,0.11238,0.10519,0.10703

===== Patch 57 =====
2020-10-15,0.10703,0.10782,0.10441,0.10666
2020-10-16,0.10664,0.10733,0.10218,0.10414
2020-10-17,0.10415,0.10739,0.10316,0.10598
2020-10-18,0.10589,0.10761,0.10501,0.10735
2020-10-19,0.10737,0.1111,0.10598,0.10859
2020-10-20,0.10856,0.10883,0.10058,0.10238
2020-10-21,0.10237,0.10858,0.10128,0.10589
2020-10-22,0.10585,0.11279,0.10507,0.11077
2020-10-23,0.11075,0.11228,0.10515,0.10805
2020-10-24,0.10801,0.1099,0.10726,0.10797
2020-10-25,0.10795,0.10879,0.10603,0.10639
2020-10-26,0.1064,0.1076,0.09892,0.10306
2020-10-27,0.103,0.10568,0.10178,0.10256
2020-10-28,0.10254,0.10331,0.09501,0.09869
2020-10-29,0.09872,0.10082,0.09484,0.09531
2020-10-30,0.09527,0.09569,0.08915,0.0933

===== Patch 58 =====
2020-10-31,0.09326,0.09555,0.09196,0.093
2020-11-01,0.09296,0.09868,0.09241,0.09827
2020-11-02,0.09827,0.10004,0.09151,0.09221
2020-11-03,0.09222,0.09417,0.08793,0.09357
2020-11-04,0.0936,0.09628,0.09155,0.0955
2020-11-05,0.09553,0.0981,0.09207,0.09752
2020-11-06,0.09749,0.11,0.09706,0.1091
2020-11-07,0.10912,0.11387,0.09861,0.10128
2020-11-08,0.10131,0.10832,0.0997,0.10655
2020-11-09,0.10652,0.10799,0.10114,0.10561
2020-11-10,0.10555,0.10915,0.10355,0.1059
2020-11-11,0.1059,0.1089,0.10541,0.10599
2020-11-12,0.10597,0.10667,0.10254,0.1046
2020-11-13,0.10462,0.10798,0.10401,0.10629
2020-11-14,0.10633,0.1073,0.10142,0.10411
2020-11-15,0.10411,0.10527,0.0985,0.10046

===== Patch 59 =====
2020-11-16,0.10045,0.10499,0.0995,0.10387
2020-11-17,0.10387,0.11246,0.10354,0.10947
2020-11-18,0.10944,0.11161,0.10171,0.10658
2020-11-19,0.10662,0.10816,0.10435,0.1059
2020-11-20,0.1059,0.119,0.10549,0.11828
2020-11-21,0.11826,0.13472,0.11605,0.13334
2020-11-22,0.13335,0.15352,0.12,0.14599
2020-11-23,0.14593,0.15925,0.141,0.15445
2020-11-24,0.15451,0.183,0.15,0.16721
2020-11-25,0.16722,0.17549,0.14702,0.15473
2020-11-26,0.15474,0.16085,0.1123,0.13843
2020-11-27,0.13835,0.14559,0.1307,0.14178
2020-11-28,0.14178,0.17233,0.13878,0.16489
2020-11-29,0.16487,0.17136,0.15712,0.16663
2020-11-30,0.16666,0.17399,0.16011,0.17204
2020-12-01,0.17207,0.17456,0.14132,0.15562

===== Patch 60 =====
2020-12-02,0.15554,0.15997,0.15065,0.15845
2020-12-03,0.15841,0.16842,0.15532,0.16398
2020-12-04,0.16395,0.16464,0.146,0.14781
2020-12-05,0.14779,0.16198,0.14608,0.15993
2020-12-06,0.15996,0.16288,0.15301,0.15873
2020-12-07,0.15875,0.15906,0.15132,0.15401
2020-12-08,0.15401,0.1552,0.13756,0.1412
2020-12-09,0.14117,0.15025,0.12924,0.14796
2020-12-10,0.14796,0.14865,0.13906,0.14188
2020-12-11,0.14188,0.14291,0.13473,0.13926
2020-12-12,0.13927,0.14736,0.13876,0.14438
2020-12-13,0.14439,0.15669,0.1429,0.15406
2020-12-14,0.15404,0.1588,0.14953,0.15877
2020-12-15,0.15877,0.16,0.15261,0.15381
2020-12-16,0.15385,0.16844,0.14903,0.16814
2020-12-17,0.16806,0.17628,0.16052,0.16336

===== Patch 61 =====
2020-12-18,0.16339,0.16942,0.15821,0.16502
2020-12-19,0.16502,0.17082,0.16286,0.16433
2020-12-20,0.16421,0.169,0.156,0.16201
2020-12-21,0.16196,0.16714,0.1468,0.15278
2020-12-22,0.15279,0.16124,0.14879,0.15646
2020-12-23,0.15645,0.15786,0.1263,0.13635
2020-12-24,0.13631,0.15477,0.13132,0.15304
2020-12-25,0.15305,0.167,0.15006,0.15761
2020-12-26,0.15763,0.16242,0.1488,0.15839
2020-12-27,0.15839,0.16642,0.14936,0.15467
2020-12-28,0.15467,0.18057,0.1528,0.17627
2020-12-29,0.1763,0.19725,0.17304,0.19067
2020-12-30,0.19069,0.19389,0.17511,0.18389
2020-12-31,0.18389,0.1864,0.17443,0.18134
2021-01-01,0.18134,0.18473,0.17,0.17509
2021-01-02,0.17505,0.18457,0.16793,0.17742

===== Patch 62 =====
2021-01-03,0.1774,0.2096,0.17255,0.20615
2021-01-04,0.20625,0.23992,0.19203,0.22528
2021-01-05,0.22518,0.26429,0.20696,0.25873
2021-01-06,0.25889,0.34772,0.25347,0.33309
2021-01-07,0.33311,0.3553,0.2785,0.29928
2021-01-08,0.29917,0.32165,0.26175,0.30389
2021-01-09,0.30392,0.33851,0.29583,0.33062
2021-01-10,0.33062,0.3412,0.27948,0.30153
2021-01-11,0.30154,0.30397,0.2288,0.2757
2021-01-12,0.27563,0.31442,0.2628,0.28888
2021-01-13,0.28875,0.31587,0.27,0.3123
2021-01-14,0.31246,0.32455,0.29646,0.31201
2021-01-15,0.31203,0.33225,0.27739,0.30188
2021-01-16,0.30189,0.36696,0.30186,0.35071
2021-01-17,0.35057,0.3974,0.34076,0.38081
2021-01-18,0.38077,0.39724,0.36413,0.37123

===== Patch 63 =====
2021-01-19,0.37132,0.39001,0.362,0.3672
2021-01-20,0.3672,0.3769,0.33033,0.37532
2021-01-21,0.37548,0.37945,0.3,0.30785
2021-01-22,0.30786,0.3598,0.28,0.34867
2021-01-23,0.34842,0.35763,0.33541,0.34583
2021-01-24,0.34575,0.36926,0.33613,0.35345
2021-01-25,0.35346,0.36415,0.34034,0.34308
2021-01-26,0.34284,0.35111,0.32404,0.3433
2021-01-27,0.34342,0.34396,0.30404,0.31144
2021-01-28,0.31142,0.35575,0.30431,0.34409
2021-01-29,0.34409,0.36836,0.3305,0.34752
2021-01-30,0.34764,0.37694,0.337,0.364
2021-01-31,0.36395,0.37752,0.338,0.34475
2021-02-01,0.34464,0.42411,0.33214,0.40876
2021-02-02,0.40882,0.4559,0.38868,0.42498
2021-02-03,0.425,0.44961,0.41509,0.44189

===== Patch 64 =====
2021-02-04,0.44213,0.45,0.41003,0.43934
2021-02-05,0.43903,0.56,0.43638,0.53917
2021-02-06,0.53874,0.66706,0.51901,0.63444
2021-02-07,0.63444,0.70888,0.58,0.66109
2021-02-08,0.66109,0.7238,0.63191,0.67638
2021-02-09,0.67674,0.71206,0.6624,0.70562
2021-02-10,0.70562,0.95306,0.70555,0.93966
2021-02-11,0.94041,0.98,0.86513,0.92796
2021-02-12,0.9281,0.94825,0.866,0.92426
2021-02-13,0.92418,0.95053,0.82,0.91299
2021-02-14,0.91303,0.919,0.80666,0.84364
2021-02-15,0.84288,0.911,0.6856,0.86143
2021-02-16,0.86128,0.90591,0.83334,0.87
2021-02-17,0.8699,0.89745,0.8215,0.89206
2021-02-18,0.89206,0.9578,0.89202,0.91442
2021-02-19,0.91433,0.9456,0.87851,0.92581

===== Patch 65 =====
2021-02-20,0.92597,1.2,0.91329,1.11568
2021-02-21,1.1156,1.15172,1.0675,1.09894
2021-02-22,1.09955,1.146,0.831,1.09703
2021-02-23,1.09728,1.142,0.81,0.96197
2021-02-24,0.96136,1.077,0.8978,1.04902
2021-02-25,1.04883,1.177,1.012,1.07691
2021-02-26,1.07688,1.298,0.99,1.24303
2021-02-27,1.24353,1.488,1.2271,1.31402
2021-02-28,1.314,1.3595,1.154,1.31203
2021-03-01,1.31279,1.348,1.23131,1.29627
2021-03-02,1.29678,1.29998,1.18,1.2228
2021-03-03,1.22281,1.26636,1.20865,1.21311
2021-03-04,1.21315,1.23052,1.06695,1.11239
2021-03-05,1.11261,1.1972,1.03374,1.15908
2021-03-06,1.15907,1.183,1.08493,1.129
2021-03-07,1.12901,1.145,1.10562,1.13042

===== Patch 66 =====
2021-03-08,1.13073,1.17835,1.105,1.11848
2021-03-09,1.11836,1.22,1.11083,1.1972
2021-03-10,1.19734,1.208,1.115,1.13261
2021-03-11,1.13226,1.14,1.1075,1.1243
2021-03-12,1.12417,1.128,1.02,1.03207
2021-03-13,1.03207,1.193,0.985,1.1
2021-03-14,1.10016,1.10265,1.0519,1.05243
2021-03-15,1.05241,1.07078,1.00001,1.03103
2021-03-16,1.03071,1.28,1.0,1.24924
2021-03-17,1.24974,1.43,1.20353,1.377
2021-03-18,1.3775,1.47299,1.22154,1.22925
2021-03-19,1.22966,1.34286,1.18003,1.29474
2021-03-20,1.29499,1.30974,1.19978,1.20046
2021-03-21,1.20048,1.24139,1.16,1.18561
2021-03-22,1.18561,1.20782,1.067,1.1015
2021-03-23,1.1015,1.1739,1.08145,1.11639

===== Patch 67 =====
2021-03-24,1.11563,1.1639,1.038,1.06902
2021-03-25,1.06879,1.1535,1.04584,1.0956
2021-03-26,1.09596,1.28755,1.09426,1.2142
2021-03-27,1.21419,1.2389,1.15623,1.17678
2021-03-28,1.17646,1.22,1.1665,1.18983
2021-03-29,1.18983,1.22979,1.178,1.20239
2021-03-30,1.2024,1.23555,1.18909,1.21189
2021-03-31,1.212,1.21273,1.151,1.19191
2021-04-01,1.19172,1.20772,1.17171,1.18377
2021-04-02,1.1833,1.24796,1.18026,1.18998
2021-04-03,1.18998,1.24078,1.15977,1.16238
2021-04-04,1.16245,1.193,1.152,1.18206
2021-04-05,1.18205,1.22647,1.16222,1.2118
2021-04-06,1.21172,1.34359,1.1901,1.252
2021-04-07,1.25217,1.29,1.1588,1.17359
2021-04-08,1.17356,1.22502,1.16999,1.21926

===== Patch 68 =====
2021-04-09,1.21896,1.22907,1.19134,1.20201
2021-04-10,1.20201,1.25199,1.19157,1.21747
2021-04-11,1.21753,1.28989,1.199,1.26355
2021-04-12,1.26376,1.348,1.2633,1.31431
2021-04-13,1.31452,1.4378,1.28138,1.41246
2021-04-14,1.41246,1.55845,1.348,1.45092
2021-04-15,1.4514,1.49539,1.41023,1.4782
2021-04-16,1.47845,1.51915,1.334,1.40989
2021-04-17,1.40989,1.45805,1.35501,1.36802
2021-04-18,1.36861,1.38654,1.07204,1.27693
2021-04-19,1.27655,1.32443,1.17122,1.1945
2021-04-20,1.19451,1.28241,1.12685,1.26689
2021-04-21,1.26665,1.29,1.19704,1.20358
2021-04-22,1.20312,1.27984,1.1138,1.144
2021-04-23,1.14443,1.16895,0.92,1.15866
2021-04-24,1.15872,1.198,1.0927,1.10287

===== Patch 69 =====
2021-04-25,1.103,1.14678,1.0183,1.0913
2021-04-26,1.091,1.2509,1.0793,1.2375
2021-04-27,1.2377,1.3333,1.2232,1.3063
2021-04-28,1.3063,1.3488,1.2326,1.3379
2021-04-29,1.3373,1.4117,1.2661,1.3063
2021-04-30,1.3066,1.3709,1.2855,1.3532
2021-05-01,1.353,1.3678,1.3128,1.3516
2021-05-02,1.3516,1.3556,1.2941,1.3267
2021-05-03,1.3267,1.38,1.3208,1.3622
2021-05-04,1.3627,1.3673,1.2557,1.2698
2021-05-05,1.2699,1.497,1.2598,1.4798
2021-05-06,1.4799,1.7,1.4288,1.6491
2021-05-07,1.6491,1.7478,1.526,1.653
2021-05-08,1.6529,1.6543,1.5611,1.6211
2021-05-09,1.6206,1.833,1.5726,1.7663
2021-05-10,1.7662,1.8243,1.517,1.6423

===== Patch 70 =====
2021-05-11,1.6418,1.7791,1.5954,1.7632
2021-05-12,1.7633,1.821,1.5462,1.5694
2021-05-13,1.5669,1.9719,1.5,1.9296
2021-05-14,1.9289,2.043,1.8112,2.0069
2021-05-15,2.0073,2.3789,1.9628,2.1744
2021-05-16,2.1754,2.47,2.0104,2.3002
2021-05-17,2.3002,2.329,1.9159,2.0307
2021-05-18,2.0301,2.1492,1.9712,2.0036
2021-05-19,2.0036,2.0317,1.01,1.4663
2021-05-20,1.4676,1.9487,1.3218,1.8006
2021-05-21,1.8002,1.87,1.32,1.5493
2021-05-22,1.5493,1.602,1.3661,1.4629
2021-05-23,1.4636,1.5397,1.051,1.3139
2021-05-24,1.3135,1.5974,1.2476,1.55
2021-05-25,1.5497,1.6499,1.4354,1.5532
2021-05-26,1.5525,1.832,1.552,1.7791

===== Patch 71 =====
2021-05-27,1.7788,1.7885,1.6077,1.6552
2021-05-28,1.6552,1.678,1.45,1.5133
2021-05-29,1.5133,1.5624,1.335,1.4029
2021-05-30,1.4035,1.7,1.3457,1.5751
2021-05-31,1.5751,1.75,1.5249,1.7373
2021-06-01,1.7376,1.7796,1.6531,1.7363
2021-06-02,1.7362,1.8042,1.7173,1.7534
2021-06-03,1.7534,1.8897,1.7134,1.8453
2021-06-04,1.8454,1.848,1.608,1.7077
2021-06-05,1.708,1.7823,1.61,1.6551
2021-06-06,1.6555,1.7077,1.6451,1.6771
2021-06-07,1.6771,1.7414,1.55,1.5659
2021-06-08,1.5659,1.5966,1.4,1.5819
2021-06-09,1.5818,1.635,1.4827,1.6279
2021-06-10,1.6282,1.6378,1.5064,1.5328
2021-06-11,1.5328,1.5474,1.4192,1.4371

===== Patch 72 =====
2021-06-12,1.4368,1.4934,1.3562,1.4789
2021-06-13,1.4789,1.58,1.4001,1.5566
2021-06-14,1.5563,1.595,1.5056,1.5769
2021-06-15,1.5769,1.6109,1.5441,1.5552
2021-06-16,1.555,1.5754,1.474,1.4851
2021-06-17,1.4851,1.5388,1.4568,1.4826
2021-06-18,1.4825,1.4927,1.374,1.4163
2021-06-19,1.4164,1.4411,1.3834,1.3839
2021-06-20,1.384,1.46,1.306,1.4263
2021-06-21,1.4262,1.4371,1.1672,1.174
2021-06-22,1.1738,1.2634,1.0001,1.1567
2021-06-23,1.1563,1.31,1.108,1.2512
2021-06-24,1.2513,1.3998,1.2006,1.3604
2021-06-25,1.3604,1.3971,1.2431,1.2521
2021-06-26,1.252,1.2923,1.1968,1.2521
2021-06-27,1.252,1.3499,1.241,1.338

===== Patch 73 =====
2021-06-28,1.3379,1.3506,1.3042,1.326
2021-06-29,1.3261,1.42,1.319,1.373
2021-06-30,1.3731,1.3993,1.2825,1.3853
2021-07-01,1.3853,1.3862,1.302,1.3313
2021-07-02,1.3312,1.3959,1.285,1.3946
2021-07-03,1.3947,1.4444,1.3579,1.4045
2021-07-04,1.4045,1.4955,1.3815,1.4615
2021-07-05,1.4615,1.4616,1.3764,1.4039
2021-07-06,1.4039,1.4578,1.3888,1.4157
2021-07-07,1.4156,1.4416,1.4,1.404
2021-07-08,1.404,1.4065,1.3194,1.327
2021-07-09,1.3268,1.3746,1.2859,1.3504
2021-07-10,1.3504,1.366,1.3158,1.3356
2021-07-11,1.3356,1.3669,1.3231,1.3485
2021-07-12,1.3485,1.3736,1.2916,1.3126
2021-07-13,1.3126,1.3216,1.25,1.265

===== Patch 74 =====
2021-07-14,1.2649,1.2894,1.198,1.2635
2021-07-15,1.2634,1.29,1.205,1.2258
2021-07-16,1.2258,1.245,1.1655,1.1708
2021-07-17,1.1705,1.1948,1.1497,1.1721
2021-07-18,1.1721,1.2186,1.1666,1.1813
2021-07-19,1.1814,1.1921,1.1156,1.1225
2021-07-20,1.1226,1.1362,1.0202,1.0539
2021-07-21,1.0541,1.2222,1.0366,1.1711
2021-07-22,1.1711,1.2081,1.1492,1.1856
2021-07-23,1.1857,1.2089,1.1465,1.2077
2021-07-24,1.2075,1.2487,1.1964,1.2327
2021-07-25,1.2332,1.2388,1.19,1.2284
2021-07-26,1.2283,1.3991,1.2221,1.2551
2021-07-27,1.2549,1.3158,1.2136,1.2799
2021-07-28,1.2797,1.32,1.2573,1.2875
2021-07-29,1.2875,1.2987,1.256,1.2856

===== Patch 75 =====
2021-07-30,1.2856,1.3179,1.2467,1.3108
2021-07-31,1.3109,1.3329,1.287,1.3193
2021-08-01,1.3193,1.3879,1.2984,1.3142
2021-08-02,1.3145,1.35,1.2927,1.3083
2021-08-03,1.3082,1.3827,1.2613,1.3696
2021-08-04,1.3697,1.3938,1.323,1.3765
2021-08-05,1.3766,1.3974,1.338,1.3859
2021-08-06,1.3859,1.425,1.3613,1.4025
2021-08-07,1.4027,1.485,1.3945,1.4727
2021-08-08,1.4726,1.4941,1.407,1.4255
2021-08-09,1.4256,1.499,1.3933,1.4745
2021-08-10,1.4745,1.701,1.457,1.678
2021-08-11,1.678,1.895,1.67,1.7934
2021-08-12,1.7934,1.869,1.6792,1.8324
2021-08-13,1.833,2.1495,1.8212,2.1386
2021-08-14,2.1386,2.25,2.0835,2.1878

===== Patch 76 =====
2021-08-15,2.1875,2.2499,2.03,2.1667
2021-08-16,2.1667,2.2,2.0463,2.0714
2021-08-17,2.0717,2.1414,1.9059,1.9239
2021-08-18,1.924,2.1643,1.87,2.1043
2021-08-19,2.1045,2.455,2.0462,2.4411
2021-08-20,2.4411,2.5817,2.3666,2.4557
2021-08-21,2.4557,2.5288,2.3805,2.4341
2021-08-22,2.4347,2.7212,2.4306,2.7049
2021-08-23,2.705,2.9719,2.6849,2.9152
2021-08-24,2.9152,2.947,2.5872,2.7187
2021-08-25,2.7191,2.797,2.6,2.739
2021-08-26,2.7389,2.785,2.47,2.528
2021-08-27,2.529,2.9473,2.494,2.946
2021-08-28,2.947,2.95,2.772,2.847
2021-08-29,2.847,2.935,2.719,2.851
2021-08-30,2.85,2.884,2.72,2.734

===== Patch 77 =====
2021-08-31,2.735,2.881,2.702,2.767
2021-09-01,2.768,2.904,2.72,2.869
2021-09-02,2.87,3.101,2.834,2.96
2021-09-03,2.96,3.03,2.9,2.966
2021-09-04,2.965,2.967,2.8,2.83
2021-09-05,2.831,2.956,2.813,2.91
2021-09-06,2.911,2.927,2.8,2.833
2021-09-07,2.833,2.875,2.0,2.514
2021-09-08,2.514,2.564,2.2,2.47
2021-09-09,2.47,2.623,2.39,2.518
2021-09-10,2.518,2.586,2.269,2.383
2021-09-11,2.384,2.8,2.367,2.638
2021-09-12,2.637,2.789,2.501,2.581
2021-09-13,2.58,2.593,2.309,2.402
2021-09-14,2.401,2.438,2.32,2.396
2021-09-15,2.396,2.582,2.355,2.505

===== Patch 78 =====
2021-09-16,2.504,2.56,2.381,2.417
2021-09-17,2.417,2.442,2.313,2.35
2021-09-18,2.35,2.439,2.31,2.371
2021-09-19,2.371,2.397,2.259,2.283
2021-09-20,2.283,2.293,1.97,2.079
2021-09-21,2.08,2.229,1.9101,1.986
2021-09-22,1.986,2.268,1.967,2.257
2021-09-23,2.257,2.346,2.179,2.327
2021-09-24,2.327,2.345,2.063,2.277
2021-09-25,2.277,2.459,2.235,2.3
2021-09-26,2.299,2.301,2.147,2.207
2021-09-27,2.206,2.277,2.128,2.13
2021-09-28,2.129,2.173,2.029,2.037
2021-09-29,2.037,2.15,2.02,2.066
2021-09-30,2.066,2.137,2.051,2.115
2021-10-01,2.115,2.275,2.092,2.256

===== Patch 79 =====
2021-10-02,2.255,2.322,2.192,2.247
2021-10-03,2.247,2.309,2.221,2.251
2021-10-04,2.251,2.253,2.15,2.191
2021-10-05,2.191,2.258,2.175,2.233
2021-10-06,2.232,2.251,2.111,2.209
2021-10-07,2.209,2.375,2.15,2.278
2021-10-08,2.278,2.313,2.213,2.237
2021-10-09,2.238,2.3,2.22,2.268
2021-10-10,2.269,2.277,2.16,2.189
2021-10-11,2.189,2.25,2.107,2.171
2021-10-12,2.171,2.173,2.071,2.118
2021-10-13,2.117,2.2,2.078,2.19
2021-10-14,2.189,2.225,2.155,2.172
2021-10-15,2.172,2.243,2.136,2.218
2021-10-16,2.217,2.25,2.169,2.179
2021-10-17,2.178,2.189,2.089,2.158

===== Patch 80 =====
2021-10-18,2.158,2.176,2.105,2.128
2021-10-19,2.127,2.157,2.093,2.11
2021-10-20,2.11,2.208,2.092,2.19
2021-10-21,2.19,2.298,2.131,2.137
2021-10-22,2.136,2.21,2.125,2.156
2021-10-23,2.157,2.175,2.131,2.166
2021-10-24,2.167,2.169,2.093,2.12
2021-10-25,2.119,2.178,2.114,2.144
2021-10-26,2.145,2.202,2.122,2.137
2021-10-27,2.138,2.156,1.804,1.912
2021-10-28,1.912,2.058,1.905,1.987
2021-10-29,1.987,2.048,1.979,2.015
2021-10-30,2.016,2.019,1.924,1.955
2021-10-31,1.957,2.029,1.918,1.964
2021-11-01,1.965,2.019,1.911,1.949
2021-11-02,1.949,1.996,1.933,1.971

===== Patch 81 =====
2021-11-03,1.971,2.144,1.95,2.063
2021-11-04,2.063,2.103,1.933,1.983
2021-11-05,1.983,2.017,1.959,1.982
2021-11-06,1.982,2.04,1.942,2.005
2021-11-07,2.004,2.035,1.974,2.021
2021-11-08,2.02,2.14,2.008,2.125
2021-11-09,2.126,2.378,2.105,2.27
2021-11-10,2.269,2.331,1.932,2.097
2021-11-11,2.097,2.153,2.058,2.079
2021-11-12,2.079,2.099,1.991,2.045
2021-11-13,2.046,2.08,2.021,2.05
2021-11-14,2.05,2.07,2.009,2.04
2021-11-15,2.04,2.095,2.011,2.017
2021-11-16,2.018,2.018,1.759,1.874
2021-11-17,1.874,1.893,1.795,1.876
2021-11-18,1.877,1.907,1.701,1.786

===== Patch 82 =====
2021-11-19,1.786,1.894,1.754,1.863
2021-11-20,1.862,1.956,1.86,1.922
2021-11-21,1.921,1.924,1.832,1.835
2021-11-22,1.835,1.839,1.757,1.776
2021-11-23,1.776,1.816,1.738,1.751
2021-11-24,1.751,1.754,1.586,1.666
2021-11-25,1.665,1.749,1.619,1.675
2021-11-26,1.676,1.685,1.495,1.533
2021-11-27,1.532,1.585,1.531,1.543
2021-11-28,1.543,1.6,1.416,1.594
2021-11-29,1.595,1.636,1.557,1.601
2021-11-30,1.602,1.629,1.544,1.554
2021-12-01,1.553,1.622,1.531,1.548
2021-12-02,1.547,1.76,1.517,1.719
2021-12-03,1.72,1.729,1.509,1.556
2021-12-04,1.557,1.558,1.188,1.42

===== Patch 83 =====
2021-12-05,1.419,1.435,1.284,1.378
2021-12-06,1.378,1.442,1.255,1.42
2021-12-07,1.42,1.479,1.365,1.378
2021-12-08,1.378,1.423,1.337,1.396
2021-12-09,1.396,1.409,1.287,1.289
2021-12-10,1.288,1.334,1.207,1.211
2021-12-11,1.211,1.362,1.192,1.354
2021-12-12,1.354,1.415,1.319,1.346
2021-12-13,1.345,1.357,1.2,1.223
2021-12-14,1.223,1.284,1.198,1.266
2021-12-15,1.267,1.331,1.204,1.311
2021-12-16,1.311,1.331,1.236,1.24
2021-12-17,1.24,1.259,1.182,1.218
2021-12-18,1.218,1.267,1.2,1.242
2021-12-19,1.242,1.312,1.24,1.243
2021-12-20,1.244,1.261,1.201,1.237

===== Patch 84 =====
2021-12-21,1.238,1.289,1.227,1.28
2021-12-22,1.279,1.369,1.276,1.327
2021-12-23,1.327,1.49,1.307,1.475
2021-12-24,1.475,1.491,1.381,1.392
2021-12-25,1.393,1.46,1.381,1.452
2021-12-26,1.453,1.467,1.407,1.455
2021-12-27,1.455,1.594,1.45,1.516
2021-12-28,1.516,1.54,1.376,1.4
2021-12-29,1.4,1.438,1.323,1.332
2021-12-30,1.333,1.378,1.297,1.359
2021-12-31,1.359,1.383,1.281,1.308
2022-01-01,1.308,1.38,1.306,1.38
2022-01-02,1.379,1.391,1.342,1.377
2022-01-03,1.378,1.378,1.31,1.319
2022-01-04,1.319,1.352,1.295,1.309
2022-01-05,1.31,1.353,1.193,1.23

===== Patch 85 =====
2022-01-06,1.23,1.297,1.186,1.28
2022-01-07,1.279,1.285,1.189,1.21
2022-01-08,1.209,1.254,1.124,1.181
2022-01-09,1.182,1.206,1.147,1.17
2022-01-10,1.17,1.181,1.069,1.123
2022-01-11,1.123,1.196,1.122,1.187
2022-01-12,1.188,1.314,1.186,1.312
2022-01-13,1.312,1.354,1.227,1.233
2022-01-14,1.232,1.309,1.22,1.292
2022-01-15,1.293,1.319,1.251,1.291
2022-01-16,1.292,1.422,1.286,1.41
2022-01-17,1.411,1.607,1.386,1.603
2022-01-18,1.602,1.638,1.411,1.458
2022-01-19,1.458,1.534,1.326,1.337
2022-01-20,1.336,1.427,1.251,1.259
2022-01-21,1.259,1.282,1.101,1.12

===== Patch 86 =====
2022-01-22,1.12,1.155,0.917,1.071
2022-01-23,1.071,1.17,1.051,1.124
2022-01-24,1.124,1.125,0.951,1.065
2022-01-25,1.066,1.074,0.991,1.043
2022-01-26,1.043,1.157,1.022,1.077
2022-01-27,1.078,1.08,1.004,1.042
2022-01-28,1.042,1.059,1.008,1.048
2022-01-29,1.049,1.084,1.037,1.059
2022-01-30,1.059,1.077,1.024,1.035
2022-01-31,1.035,1.06,1.006,1.051
2022-02-01,1.052,1.096,1.034,1.096
2022-02-02,1.096,1.103,1.022,1.027
2022-02-03,1.027,1.062,1.016,1.061
2022-02-04,1.061,1.139,1.045,1.138
2022-02-05,1.138,1.178,1.097,1.125
2022-02-06,1.125,1.15,1.097,1.143

===== Patch 87 =====
2022-02-07,1.142,1.209,1.125,1.199
2022-02-08,1.198,1.263,1.133,1.176
2022-02-09,1.176,1.215,1.152,1.195
2022-02-10,1.194,1.225,1.143,1.15
2022-02-11,1.15,1.164,1.068,1.079
2022-02-12,1.079,1.092,1.029,1.059
2022-02-13,1.058,1.076,1.032,1.042
2022-02-14,1.043,1.055,1.018,1.049
2022-02-15,1.05,1.115,1.049,1.107
2022-02-16,1.108,1.112,1.066,1.082
2022-02-17,1.083,1.094,1.008,1.02
2022-02-18,1.019,1.043,0.983,0.995
2022-02-19,0.996,1.019,0.973,0.996
2022-02-20,0.997,0.998,0.919,0.931
2022-02-21,0.931,0.993,0.851,0.856
2022-02-22,0.856,0.897,0.813,0.888

===== Patch 88 =====
2022-02-23,0.888,0.96,0.863,0.866
2022-02-24,0.866,0.899,0.746,0.853
2022-02-25,0.852,0.91,0.823,0.898
2022-02-26,0.898,0.93,0.881,0.887
2022-02-27,0.886,0.915,0.832,0.856
2022-02-28,0.857,0.97,0.842,0.962
2022-03-01,0.962,1.011,0.939,0.963
2022-03-02,0.964,0.977,0.927,0.939
2022-03-03,0.938,0.946,0.883,0.903
2022-03-04,0.902,0.903,0.826,0.844
2022-03-05,0.844,0.883,0.818,0.864
2022-03-06,0.865,0.872,0.819,0.823
2022-03-07,0.822,0.847,0.777,0.793
2022-03-08,0.793,0.821,0.787,0.802
2022-03-09,0.802,0.863,0.799,0.849
2022-03-10,0.849,0.854,0.785,0.807

===== Patch 89 =====
2022-03-11,0.806,0.819,0.782,0.788
2022-03-12,0.788,0.802,0.786,0.789
2022-03-13,0.789,0.821,0.78,0.786
2022-03-14,0.787,0.816,0.776,0.802
2022-03-15,0.803,0.817,0.781,0.8
2022-03-16,0.8,0.84,0.792,0.838
2022-03-17,0.839,0.858,0.827,0.835
2022-03-18,0.835,0.86,0.82,0.851
2022-03-19,0.851,0.916,0.85,0.903
2022-03-20,0.902,0.916,0.864,0.879
2022-03-21,0.879,0.93,0.863,0.917
2022-03-22,0.917,0.988,0.907,0.975
2022-03-23,0.975,1.11,0.957,1.108
2022-03-24,1.108,1.19,1.076,1.131
2022-03-25,1.13,1.167,1.072,1.096
2022-03-26,1.096,1.16,1.079,1.152

===== Patch 90 =====
2022-03-27,1.152,1.186,1.104,1.184
2022-03-28,1.184,1.246,1.157,1.17
2022-03-29,1.17,1.243,1.166,1.191
2022-03-30,1.191,1.218,1.161,1.189
2022-03-31,1.189,1.228,1.133,1.141
2022-04-01,1.141,1.175,1.104,1.165
2022-04-02,1.165,1.195,1.145,1.155
2022-04-03,1.156,1.2,1.142,1.186
2022-04-04,1.186,1.245,1.16,1.212
2022-04-05,1.212,1.219,1.163,1.171
2022-04-06,1.17,1.173,1.047,1.052
2022-04-07,1.052,1.101,1.038,1.089
2022-04-08,1.089,1.1,1.019,1.024
2022-04-09,1.025,1.047,1.021,1.045
2022-04-10,1.044,1.07,1.023,1.027
2022-04-11,1.026,1.033,0.917,0.92

===== Patch 91 =====
2022-04-12,0.919,0.982,0.915,0.955
2022-04-13,0.954,0.981,0.934,0.974
2022-04-14,0.974,0.985,0.923,0.933
2022-04-15,0.933,0.959,0.929,0.956
2022-04-16,0.955,0.962,0.937,0.951
2022-04-17,0.95,0.963,0.912,0.914
2022-04-18,0.914,0.939,0.874,0.937
2022-04-19,0.936,0.957,0.927,0.952
2022-04-20,0.952,0.976,0.93,0.937
2022-04-21,0.937,0.971,0.891,0.91
2022-04-22,0.91,0.924,0.891,0.906
2022-04-23,0.906,0.913,0.881,0.886
2022-04-24,0.886,0.899,0.877,0.886
2022-04-25,0.885,0.9039,0.8261,0.8974
2022-04-26,0.8975,0.903,0.815,0.8259
2022-04-27,0.8258,0.8562,0.8187,0.8401

===== Patch 92 =====
2022-04-28,0.8401,0.8526,0.8258,0.8432
2022-04-29,0.8432,0.8495,0.7891,0.8048
2022-04-30,0.805,0.8179,0.7351,0.7556
2022-05-01,0.7555,0.8002,0.7451,0.7895
2022-05-02,0.7894,0.7968,0.7636,0.7809
2022-05-03,0.7808,0.7994,0.7605,0.7711
2022-05-04,0.7712,0.8992,0.7677,0.8985
2022-05-05,0.8986,0.9058,0.7716,0.7884
2022-05-06,0.7884,0.7997,0.7625,0.7832
2022-05-07,0.7832,0.7858,0.7467,0.7604
2022-05-08,0.7605,0.7663,0.7254,0.7403
2022-05-09,0.7404,0.7542,0.5976,0.6019
2022-05-10,0.6025,0.701,0.5833,0.6286
2022-05-11,0.6286,0.6631,0.4727,0.5187
2022-05-12,0.5186,0.5508,0.4019,0.4733
2022-05-13,0.4733,0.6094,0.4689,0.529

===== Patch 93 =====
2022-05-14,0.5289,0.5572,0.4888,0.5372
2022-05-15,0.5374,0.5999,0.5148,0.5981
2022-05-16,0.5982,0.6146,0.5444,0.5569
2022-05-17,0.5569,0.5999,0.5511,0.5778
2022-05-18,0.5776,0.5863,0.5026,0.5059
2022-05-19,0.5059,0.5467,0.4917,0.5334
2022-05-20,0.5334,0.545,0.5012,0.5162
2022-05-21,0.5162,0.5388,0.5086,0.5286
2022-05-22,0.5286,0.5488,0.5219,0.5416
2022-05-23,0.5416,0.5595,0.5039,0.5134
2022-05-24,0.5133,0.5255,0.4927,0.5219
2022-05-25,0.5218,0.5328,0.5071,0.5146
2022-05-26,0.5145,0.521,0.4614,0.4789
2022-05-27,0.4788,0.4839,0.4454,0.4566
2022-05-28,0.4566,0.4693,0.4481,0.4646
2022-05-29,0.4646,0.4827,0.4559,0.482

===== Patch 94 =====
2022-05-30,0.4819,0.5777,0.4772,0.5698
2022-05-31,0.5698,0.6893,0.5678,0.6268
2022-06-01,0.6266,0.6314,0.5359,0.5516
2022-06-02,0.5517,0.5981,0.5487,0.5871
2022-06-03,0.5872,0.6055,0.539,0.56
2022-06-04,0.56,0.5718,0.5449,0.5665
2022-06-05,0.5666,0.5808,0.5538,0.5674
2022-06-06,0.5675,0.6472,0.5651,0.6091
2022-06-07,0.6091,0.645,0.5715,0.6141
2022-06-08,0.614,0.6696,0.6087,0.6408
2022-06-09,0.6407,0.6579,0.6258,0.6323
2022-06-10,0.6323,0.6361,0.57,0.5744
2022-06-11,0.5744,0.6175,0.543,0.554
2022-06-12,0.5541,0.561,0.4893,0.4904
2022-06-13,0.4904,0.4985,0.4366,0.4644
2022-06-14,0.4642,0.52,0.4369,0.4831

===== Patch 95 =====
2022-06-15,0.4831,0.5393,0.4483,0.5348
2022-06-16,0.5347,0.5472,0.4673,0.4762
2022-06-17,0.4762,0.504,0.4717,0.4872
2022-06-18,0.4871,0.4953,0.4206,0.4549
2022-06-19,0.4548,0.49,0.4359,0.4848
2022-06-20,0.4849,0.5088,0.4613,0.4915
2022-06-21,0.4915,0.5114,0.4751,0.4813
2022-06-22,0.4813,0.4815,0.4559,0.4594
2022-06-23,0.4594,0.4831,0.4563,0.48
2022-06-24,0.48,0.5097,0.4762,0.4981
2022-06-25,0.4982,0.5078,0.4783,0.4984
2022-06-26,0.4985,0.526,0.4885,0.4899
2022-06-27,0.4899,0.5088,0.4756,0.4856
2022-06-28,0.4855,0.4975,0.4671,0.4694
2022-06-29,0.4693,0.4772,0.4588,0.4662
2022-06-30,0.4662,0.4677,0.4352,0.4599

===== Patch 96 =====
2022-07-01,0.4599,0.475,0.4427,0.4487
2022-07-02,0.4487,0.4617,0.4408,0.4559
2022-07-03,0.4558,0.46,0.4436,0.4561
2022-07-04,0.456,0.4765,0.4445,0.4695
2022-07-05,0.4695,0.4717,0.4447,0.4571
2022-07-06,0.4571,0.4656,0.447,0.4623
2022-07-07,0.4623,0.4827,0.4609,0.4776
2022-07-08,0.4775,0.493,0.46,0.4661
2022-07-09,0.4661,0.4849,0.4653,0.478
2022-07-10,0.4781,0.4798,0.4552,0.4624
2022-07-11,0.4625,0.4628,0.4316,0.4347
2022-07-12,0.4347,0.4425,0.4156,0.4171
2022-07-13,0.4171,0.4422,0.4023,0.4383
2022-07-14,0.4383,0.4465,0.417,0.4416
2022-07-15,0.4417,0.4536,0.4326,0.4421
2022-07-16,0.4421,0.4591,0.4316,0.4578

===== Patch 97 =====
2022-07-17,0.4578,0.466,0.4421,0.4478
2022-07-18,0.4478,0.4998,0.4457,0.4904
2022-07-19,0.4904,0.526,0.4733,0.5152
2022-07-20,0.5152,0.5487,0.4868,0.491
2022-07-21,0.491,0.5023,0.4756,0.4993
2022-07-22,0.4994,0.5114,0.477,0.4828
2022-07-23,0.4827,0.5186,0.473,0.517
2022-07-24,0.5171,0.5368,0.5095,0.512
2022-07-25,0.512,0.5154,0.4741,0.4752
2022-07-26,0.4752,0.4774,0.451,0.4677
2022-07-27,0.4678,0.5122,0.4588,0.5111
2022-07-28,0.5112,0.5242,0.4885,0.513
2022-07-29,0.5131,0.5454,0.5064,0.5218
2022-07-30,0.5219,0.556,0.509,0.5263
2022-07-31,0.5263,0.5443,0.5125,0.5161
2022-08-01,0.5161,0.5262,0.5007,0.5124

===== Patch 98 =====
2022-08-02,0.5125,0.5155,0.4886,0.4963
2022-08-03,0.4963,0.5167,0.489,0.5005
2022-08-04,0.5006,0.5112,0.4934,0.4997
2022-08-05,0.4998,0.5193,0.4993,0.5174
2022-08-06,0.5174,0.5234,0.51,0.5112
2022-08-07,0.5114,0.5385,0.5063,0.5276
2022-08-08,0.5276,0.5496,0.523,0.5371
2022-08-09,0.5371,0.5374,0.5057,0.5129
2022-08-10,0.5128,0.5389,0.502,0.5374
2022-08-11,0.5374,0.5476,0.5286,0.5303
2022-08-12,0.5302,0.542,0.5205,0.5402
2022-08-13,0.5403,0.5677,0.5378,0.5593
2022-08-14,0.5592,0.5948,0.5567,0.5695
2022-08-15,0.5695,0.5824,0.5427,0.5499
2022-08-16,0.5499,0.5704,0.5475,0.557
2022-08-17,0.5569,0.5834,0.5304,0.5384

===== Patch 99 =====
2022-08-18,0.5384,0.5441,0.5075,0.5119
2022-08-19,0.5119,0.5121,0.4461,0.45
2022-08-20,0.4499,0.4632,0.4347,0.4508
2022-08-21,0.4508,0.4726,0.4468,0.4626
2022-08-22,0.4627,0.4632,0.4374,0.4615
2022-08-23,0.4614,0.47,0.4457,0.4658
2022-08-24,0.4659,0.4691,0.4536,0.4578
2022-08-25,0.4578,0.4741,0.4574,0.4645
2022-08-26,0.4645,0.482,0.4257,0.4316
2022-08-27,0.4315,0.4514,0.4258,0.4499
2022-08-28,0.4498,0.4544,0.4274,0.4293
2022-08-29,0.4293,0.453,0.4236,0.4504
2022-08-30,0.4503,0.4628,0.4385,0.4531
2022-08-31,0.4531,0.4631,0.4446,0.4462
2022-09-01,0.4461,0.4624,0.4407,0.4575
2022-09-02,0.4575,0.4665,0.4487,0.4543

===== Patch 100 =====
2022-09-03,0.4544,0.486,0.4535,0.4803
2022-09-04,0.4803,0.51,0.4756,0.5035
2022-09-05,0.5035,0.5076,0.4826,0.4984
2022-09-06,0.4985,0.5122,0.4592,0.4625
2022-09-07,0.4625,0.4821,0.4536,0.4787
2022-09-08,0.4787,0.4831,0.4627,0.479
2022-09-09,0.4791,0.505,0.4783,0.5022
2022-09-10,0.5022,0.5242,0.4945,0.5121
2022-09-11,0.5121,0.5199,0.5,0.5098
2022-09-12,0.5098,0.5197,0.4958,0.5012
2022-09-13,0.5013,0.509,0.4612,0.4635
2022-09-14,0.4635,0.4871,0.462,0.4809
2022-09-15,0.4807,0.482,0.4619,0.4662
2022-09-16,0.4662,0.4747,0.454,0.4746
2022-09-17,0.4746,0.4883,0.4723,0.4859
2022-09-18,0.4859,0.4904,0.4403,0.4477

===== Patch 101 =====
2022-09-19,0.4477,0.457,0.4332,0.4527
2022-09-20,0.4527,0.4545,0.4373,0.4422
2022-09-21,0.4423,0.4645,0.4313,0.4389
2022-09-22,0.4388,0.4666,0.4343,0.4584
2022-09-23,0.4583,0.4825,0.446,0.4618
2022-09-24,0.4619,0.4689,0.4504,0.4511
2022-09-25,0.451,0.4628,0.4385,0.4464
2022-09-26,0.4462,0.4507,0.4365,0.4473
2022-09-27,0.4473,0.4633,0.4373,0.4411
2022-09-28,0.4414,0.4431,0.4251,0.4361
2022-09-29,0.4362,0.4394,0.4277,0.4381
2022-09-30,0.4382,0.4415,0.4293,0.4347
2022-10-01,0.4346,0.4364,0.4275,0.43
2022-10-02,0.4301,0.4328,0.4176,0.4194
2022-10-03,0.4195,0.4288,0.4158,0.4276
2022-10-04,0.4276,0.4377,0.4253,0.4355

===== Patch 102 =====
2022-10-05,0.4356,0.4367,0.4236,0.4309
2022-10-06,0.4309,0.437,0.4255,0.4288
2022-10-07,0.4288,0.4304,0.4215,0.424
2022-10-08,0.4239,0.4271,0.4188,0.4219
2022-10-09,0.4219,0.4242,0.419,0.423
2022-10-10,0.423,0.4268,0.3982,0.4012
2022-10-11,0.4011,0.4016,0.3837,0.3908
2022-10-12,0.3907,0.3954,0.376,0.3814
2022-10-13,0.3814,0.3824,0.349,0.3768
2022-10-14,0.3769,0.389,0.3606,0.3667
2022-10-15,0.3667,0.37,0.3612,0.3641
2022-10-16,0.3641,0.3749,0.3638,0.3703
2022-10-17,0.3703,0.3758,0.366,0.3723
2022-10-18,0.3724,0.3743,0.3569,0.3624
2022-10-19,0.3624,0.3624,0.347,0.3497
2022-10-20,0.3496,0.3557,0.3364,0.3402

===== Patch 103 =====
2022-10-21,0.3402,0.3499,0.33,0.3492
2022-10-22,0.3492,0.3544,0.343,0.3513
2022-10-23,0.3513,0.3638,0.346,0.3621
2022-10-24,0.3621,0.3652,0.3533,0.3573
2022-10-25,0.3572,0.4173,0.3569,0.4
2022-10-26,0.4001,0.4122,0.3945,0.403
2022-10-27,0.403,0.4194,0.3861,0.3884
2022-10-28,0.3884,0.4115,0.3777,0.4044
2022-10-29,0.4044,0.44,0.4008,0.42
2022-10-30,0.4201,0.4216,0.3981,0.4056
2022-10-31,0.4057,0.4163,0.3975,0.4055
2022-11-01,0.4055,0.4154,0.3985,0.4011
2022-11-02,0.4012,0.4093,0.38,0.3856
2022-11-03,0.3856,0.3992,0.3842,0.3895
2022-11-04,0.3894,0.4263,0.3881,0.4216
2022-11-05,0.4216,0.4378,0.42,0.4264

===== Patch 104 =====
2022-11-06,0.4263,0.431,0.4014,0.4021
2022-11-07,0.4021,0.4161,0.3975,0.4041
2022-11-08,0.404,0.4156,0.3463,0.3722
2022-11-09,0.3721,0.3766,0.31,0.3175
2022-11-10,0.3174,0.3793,0.3119,0.3687
2022-11-11,0.3688,0.3741,0.342,0.3556
2022-11-12,0.3557,0.3569,0.3362,0.3397
2022-11-13,0.3397,0.3453,0.3251,0.3298
2022-11-14,0.3299,0.3419,0.3142,0.3323
2022-11-15,0.3322,0.3449,0.3292,0.3373
2022-11-16,0.3373,0.3443,0.3237,0.332
2022-11-17,0.332,0.3345,0.3186,0.325
2022-11-18,0.3251,0.3325,0.3206,0.326
2022-11-19,0.326,0.3322,0.3213,0.328
2022-11-20,0.328,0.3312,0.31,0.312
2022-11-21,0.312,0.3133,0.2953,0.3046

===== Patch 105 =====
2022-11-22,0.3046,0.3169,0.2982,0.3126
2022-11-23,0.3126,0.3204,0.3093,0.3185
2022-11-24,0.3185,0.3213,0.3116,0.3163
2022-11-25,0.3162,0.3173,0.3073,0.3146
2022-11-26,0.3147,0.3228,0.3109,0.3138
2022-11-27,0.3138,0.3196,0.3114,0.3126
2022-11-28,0.3126,0.3139,0.3,0.3066
2022-11-29,0.3066,0.3128,0.3042,0.3092
2022-11-30,0.3093,0.3209,0.3084,0.3187
2022-12-01,0.3186,0.32,0.3125,0.3145
2022-12-02,0.3144,0.32,0.3106,0.3191
2022-12-03,0.3192,0.3265,0.3162,0.3196
2022-12-04,0.3196,0.3241,0.3181,0.3221
2022-12-05,0.3222,0.329,0.3163,0.3193
2022-12-06,0.3193,0.3211,0.3135,0.3183
2022-12-07,0.3183,0.3199,0.3067,0.3102

===== Patch 106 =====
2022-12-08,0.3103,0.3158,0.3072,0.3145
2022-12-09,0.3144,0.3166,0.3088,0.3118
2022-12-10,0.3119,0.315,0.3106,0.3126
2022-12-11,0.3126,0.315,0.3051,0.3074
2022-12-12,0.3073,0.3079,0.3004,0.3069
2022-12-13,0.3069,0.3187,0.2991,0.3142
2022-12-14,0.3142,0.3157,0.3053,0.3079
2022-12-15,0.308,0.3086,0.2962,0.3003
2022-12-16,0.3003,0.3013,0.255,0.2632
2022-12-17,0.2633,0.2678,0.2587,0.2672
2022-12-18,0.2672,0.2713,0.2627,0.2659
2022-12-19,0.266,0.2694,0.2488,0.2529
2022-12-20,0.2529,0.2621,0.2512,0.2587
2022-12-21,0.2586,0.2593,0.2478,0.2534
2022-12-22,0.2534,0.2569,0.2465,0.2566
2022-12-23,0.2567,0.264,0.2554,0.2594

===== Patch 107 =====
2022-12-24,0.2594,0.2604,0.2566,0.2592
2022-12-25,0.2591,0.2599,0.2546,0.2591
2022-12-26,0.259,0.2657,0.2576,0.2652
2022-12-27,0.2653,0.2665,0.2563,0.2603
2022-12-28,0.2603,0.2611,0.2468,0.2482
2022-12-29,0.2483,0.2484,0.2396,0.244
2022-12-30,0.244,0.2463,0.2392,0.2458
2022-12-31,0.2457,0.2521,0.244,0.2458
2023-01-01,0.2458,0.25,0.2434,0.2499
2023-01-02,0.2499,0.2565,0.2466,0.2538
2023-01-03,0.2538,0.2555,0.2502,0.2529
2023-01-04,0.2529,0.2708,0.2518,0.2678
2023-01-05,0.2678,0.2713,0.2633,0.2692
2023-01-06,0.2692,0.2798,0.2671,0.2786
2023-01-07,0.2785,0.2806,0.2723,0.2768
2023-01-08,0.2768,0.299,0.2742,0.2974

===== Patch 108 =====
2023-01-09,0.2975,0.346,0.2955,0.3168
2023-01-10,0.3168,0.3253,0.3063,0.3222
2023-01-11,0.3222,0.3235,0.3075,0.323
2023-01-12,0.323,0.3351,0.3154,0.3293
2023-01-13,0.3293,0.3509,0.3237,0.3456
2023-01-14,0.3455,0.3697,0.332,0.3525
2023-01-15,0.3526,0.3539,0.3385,0.3507
2023-01-16,0.3508,0.364,0.3376,0.3504
2023-01-17,0.3505,0.3576,0.343,0.3455
2023-01-18,0.3455,0.3555,0.3237,0.3264
2023-01-19,0.3264,0.343,0.3255,0.3379
2023-01-20,0.338,0.3657,0.3336,0.3652
2023-01-21,0.3651,0.3807,0.3569,0.3687
2023-01-22,0.3686,0.3872,0.3629,0.3764
2023-01-23,0.3764,0.3836,0.3687,0.375
2023-01-24,0.375,0.383,0.3552,0.3587

===== Patch 109 =====
2023-01-25,0.3588,0.3797,0.3469,0.3732
2023-01-26,0.3733,0.3892,0.3711,0.3796
2023-01-27,0.3796,0.391,0.3678,0.3898
2023-01-28,0.3898,0.398,0.378,0.3819
2023-01-29,0.3818,0.3991,0.3768,0.3975
2023-01-30,0.3976,0.3982,0.3652,0.3725
2023-01-31,0.3725,0.3998,0.3681,0.3902
2023-02-01,0.3902,0.4018,0.371,0.397
2023-02-02,0.397,0.4136,0.3921,0.3981
2023-02-03,0.3981,0.407,0.3944,0.4038
2023-02-04,0.4037,0.4055,0.3975,0.3994
2023-02-05,0.3993,0.4019,0.3821,0.3923
2023-02-06,0.3923,0.4033,0.3795,0.3823
2023-02-07,0.3823,0.3998,0.3814,0.3989
2023-02-08,0.3989,0.4035,0.3853,0.3942
2023-02-09,0.3942,0.3957,0.3543,0.3622

===== Patch 110 =====
2023-02-10,0.3622,0.3656,0.3534,0.3581
2023-02-11,0.358,0.3702,0.3567,0.3684
2023-02-12,0.3685,0.3738,0.3596,0.3641
2023-02-13,0.3641,0.3657,0.345,0.3593
2023-02-14,0.3593,0.3931,0.3545,0.3867
2023-02-15,0.3868,0.42,0.3819,0.419
2023-02-16,0.419,0.4213,0.3862,0.3874
2023-02-17,0.3874,0.4098,0.3854,0.4033
2023-02-18,0.4033,0.4184,0.3976,0.406
2023-02-19,0.406,0.4122,0.3968,0.3995
2023-02-20,0.3994,0.4098,0.3893,0.4038
2023-02-21,0.4037,0.4059,0.3855,0.3925
2023-02-22,0.3926,0.3929,0.3769,0.3888
2023-02-23,0.3889,0.3949,0.3794,0.3824
2023-02-24,0.3824,0.3852,0.358,0.3658
2023-02-25,0.3657,0.3677,0.3512,0.362

===== Patch 111 =====
2023-02-26,0.3621,0.3704,0.3577,0.3691
2023-02-27,0.369,0.3702,0.3576,0.3647
2023-02-28,0.3647,0.368,0.3485,0.3517
2023-03-01,0.3518,0.3644,0.3493,0.3601
2023-03-02,0.3601,0.3615,0.3445,0.3504
2023-03-03,0.3505,0.3509,0.3212,0.3431
2023-03-04,0.3431,0.3448,0.3303,0.3366
2023-03-05,0.3366,0.343,0.3346,0.337
2023-03-06,0.337,0.3387,0.3291,0.3305
2023-03-07,0.3306,0.3348,0.3209,0.3306
2023-03-08,0.3305,0.3328,0.3133,0.3175
2023-03-09,0.3175,0.3223,0.3012,0.3101
2023-03-10,0.3102,0.3182,0.2976,0.3149
2023-03-11,0.3149,0.3228,0.3013,0.3051
2023-03-12,0.3051,0.3311,0.3013,0.3298
2023-03-13,0.3298,0.3517,0.3274,0.3433

===== Patch 112 =====
2023-03-14,0.3434,0.3677,0.3363,0.3429
2023-03-15,0.3429,0.3464,0.3157,0.3241
2023-03-16,0.324,0.329,0.3171,0.3249
2023-03-17,0.3249,0.3502,0.3212,0.3494
2023-03-18,0.3494,0.3572,0.335,0.3371
2023-03-19,0.337,0.3525,0.3367,0.3448
2023-03-20,0.3448,0.3461,0.3305,0.3321
2023-03-21,0.3321,0.387,0.3291,0.3696
2023-03-22,0.3695,0.3868,0.3489,0.3596
2023-03-23,0.3597,0.3853,0.3535,0.3715
2023-03-24,0.3716,0.3725,0.3552,0.3596
2023-03-25,0.3597,0.3628,0.3486,0.3514
2023-03-26,0.3513,0.3614,0.3487,0.3557
2023-03-27,0.3558,0.3572,0.3366,0.3455
2023-03-28,0.3456,0.3703,0.3427,0.3681
2023-03-29,0.3681,0.39,0.3666,0.3811

===== Patch 113 =====
2023-03-30,0.3811,0.3876,0.3697,0.3761
2023-03-31,0.3761,0.4093,0.3743,0.3989
2023-04-01,0.3989,0.4031,0.388,0.3919
2023-04-02,0.392,0.3928,0.3756,0.3815
2023-04-03,0.3816,0.405,0.3708,0.3872
2023-04-04,0.3872,0.4,0.3843,0.3894
2023-04-05,0.3895,0.4,0.3868,0.3923
2023-04-06,0.3922,0.3923,0.3763,0.3829
2023-04-07,0.3829,0.3851,0.3756,0.3835
2023-04-08,0.3835,0.3905,0.3804,0.3853
2023-04-09,0.3852,0.393,0.384,0.3894
2023-04-10,0.3893,0.3977,0.3847,0.3971
2023-04-11,0.3971,0.413,0.394,0.4014
2023-04-12,0.4015,0.4075,0.3886,0.4047
2023-04-13,0.4047,0.4288,0.3989,0.4251
2023-04-14,0.4251,0.444,0.4228,0.4381

===== Patch 114 =====
2023-04-15,0.4381,0.4617,0.4311,0.4522
2023-04-16,0.4521,0.4579,0.4421,0.4513
2023-04-17,0.4512,0.4515,0.431,0.4341
2023-04-18,0.4341,0.448,0.4277,0.4435
2023-04-19,0.4435,0.4435,0.4071,0.4163
2023-04-20,0.4163,0.4221,0.3934,0.4007
2023-04-21,0.4008,0.4071,0.3789,0.3824
2023-04-22,0.3823,0.3989,0.381,0.3956
2023-04-23,0.3956,0.3956,0.38,0.3886
2023-04-24,0.3887,0.3975,0.38,0.3835
2023-04-25,0.3836,0.3954,0.3761,0.3945
2023-04-26,0.3944,0.4193,0.3778,0.4014
2023-04-27,0.4014,0.4186,0.4008,0.4101
2023-04-28,0.41,0.4116,0.3965,0.4043
2023-04-29,0.4044,0.4077,0.3991,0.4024
2023-04-30,0.4025,0.415,0.3944,0.3956

===== Patch 115 =====
2023-05-01,0.3957,0.3979,0.3801,0.3868
2023-05-02,0.3867,0.3947,0.3816,0.3916
2023-05-03,0.3917,0.3965,0.3784,0.394
2023-05-04,0.3941,0.3964,0.3849,0.3873
2023-05-05,0.3873,0.397,0.3812,0.3942
2023-05-06,0.3941,0.3968,0.3735,0.3787
2023-05-07,0.3787,0.3833,0.3737,0.376
2023-05-08,0.376,0.3796,0.3531,0.3653
2023-05-09,0.3653,0.3705,0.3599,0.3633
2023-05-10,0.3633,0.3729,0.3543,0.3693
2023-05-11,0.3693,0.3696,0.3485,0.3598
2023-05-12,0.3598,0.371,0.3533,0.3705
2023-05-13,0.3705,0.371,0.3622,0.3646
2023-05-14,0.3646,0.373,0.3627,0.3711
2023-05-15,0.371,0.3758,0.3657,0.3669
2023-05-16,0.3669,0.3704,0.3613,0.3682

===== Patch 116 =====
2023-05-17,0.3683,0.3807,0.3645,0.3755
2023-05-18,0.3755,0.3803,0.3658,0.3714
2023-05-19,0.3713,0.373,0.3658,0.3681
2023-05-20,0.3681,0.3683,0.3628,0.3662
2023-05-21,0.3663,0.3676,0.3566,0.3602
2023-05-22,0.3602,0.3741,0.356,0.3679
2023-05-23,0.3679,0.3757,0.3657,0.3704
2023-05-24,0.3704,0.3706,0.3602,0.3638
2023-05-25,0.3639,0.3648,0.355,0.3581
2023-05-26,0.3582,0.3669,0.3535,0.3626
2023-05-27,0.3626,0.3674,0.3606,0.3667
2023-05-28,0.3667,0.3846,0.3661,0.3828
2023-05-29,0.3828,0.3863,0.3756,0.3786
2023-05-30,0.3786,0.3834,0.3744,0.3779
2023-05-31,0.3779,0.3807,0.37,0.3744
2023-06-01,0.3744,0.3758,0.3608,0.3644

===== Patch 117 =====
2023-06-02,0.3644,0.3794,0.3619,0.3782
2023-06-03,0.3782,0.3782,0.3729,0.3759
2023-06-04,0.376,0.3819,0.3748,0.3773
2023-06-05,0.3773,0.3791,0.3467,0.3514
2023-06-06,0.3514,0.3569,0.3365,0.3531
2023-06-07,0.353,0.3531,0.3177,0.3223
2023-06-08,0.3223,0.3308,0.3198,0.3228
2023-06-09,0.3229,0.324,0.2902,0.2951
2023-06-10,0.2951,0.2953,0.22,0.2747
2023-06-11,0.2748,0.28,0.259,0.272
2023-06-12,0.2719,0.2865,0.2648,0.2748
2023-06-13,0.2747,0.2896,0.2684,0.2752
2023-06-14,0.2752,0.2773,0.256,0.2633
2023-06-15,0.2634,0.266,0.2525,0.262
2023-06-16,0.2621,0.2675,0.2535,0.2632
2023-06-17,0.2633,0.2737,0.2607,0.2667

===== Patch 118 =====
2023-06-18,0.2667,0.2691,0.2588,0.261
2023-06-19,0.261,0.2638,0.2571,0.2634
2023-06-20,0.2634,0.2707,0.2522,0.2705
2023-06-21,0.2706,0.289,0.2687,0.2862
2023-06-22,0.2861,0.3049,0.2856,0.2899
2023-06-23,0.2899,0.3028,0.2867,0.2966
2023-06-24,0.2967,0.2975,0.2843,0.2892
2023-06-25,0.2893,0.305,0.2885,0.2921
2023-06-26,0.292,0.2923,0.2766,0.2805
2023-06-27,0.2806,0.2897,0.2775,0.2867
2023-06-28,0.2868,0.2869,0.2599,0.2669
2023-06-29,0.2669,0.2782,0.2664,0.2752
2023-06-30,0.2753,0.2997,0.2672,0.2869
2023-07-01,0.287,0.2938,0.2812,0.2924
2023-07-02,0.2924,0.2939,0.2853,0.2916
2023-07-03,0.2916,0.2993,0.2902,0.2967

