===== Patch 0 =====
2017-11-06,1.5,1.799,0.5,1.571
2017-11-07,1.571,1.8,1.5389,1.8
2017-11-08,1.7901,1.99,1.7479,1.9889
2017-11-09,1.9781,2.1997,1.9,1.99
2017-11-10,1.99,2.02,1.6019,1.7133
2017-11-11,1.79,1.925,1.58,1.655
2017-11-12,1.6567,1.7,1.34,1.49
2017-11-13,1.5,1.7381,1.5,1.68
2017-11-14,1.6801,1.7381,1.5321,1.5911
2017-11-15,1.5721,1.6794,1.49,1.5532
2017-11-16,1.5533,1.6699,1.511,1.5599
2017-11-17,1.5599,1.5765,1.49,1.5041
2017-11-18,1.5041,1.6699,1.492,1.6699
2017-11-19,1.6524,1.6948,1.575,1.6
2017-11-20,1.6,1.6522,1.5605,1.64
2017-11-21,1.6257,1.6419,1.54,1.5874

===== Patch 1 =====
2017-11-22,1.5728,1.6211,1.5556,1.6158
2017-11-23,1.6,1.618,1.5388,1.57
2017-11-24,1.5644,1.8187,1.54,1.7292
2017-11-25,1.712,1.9588,1.68,1.87
2017-11-26,1.85,1.91,1.76,1.8388
2017-11-27,1.8388,1.9532,1.74,1.9532
2017-11-28,1.945,1.9532,1.801,1.9249
2017-11-29,1.9248,2.0486,1.55,1.7565
2017-11-30,1.7641,2.038,1.71,1.95
2017-12-01,1.95,2.1385,1.8801,2.0527
2017-12-02,2.0526,2.1199,1.975,2.0797
2017-12-03,2.0797,2.4,2.0438,2.2617
2017-12-04,2.2617,2.5898,2.2617,2.55
2017-12-05,2.5305,2.75,2.5,2.612
2017-12-06,2.6,2.8,2.3272,2.5134
2017-12-07,2.5393,2.84,2.4001,2.6625

===== Patch 2 =====
2017-12-08,2.6489,2.8,2.206,2.79
2017-12-09,2.789,2.81,2.1777,2.65
2017-12-10,2.65,2.6648,2.1315,2.4619
2017-12-11,2.4616,2.78,2.4505,2.687
2017-12-12,2.687,2.7397,2.4545,2.5547
2017-12-13,2.5547,2.74,2.265,2.719
2017-12-14,2.7194,3.1521,2.6981,3.1519
2017-12-15,3.1518,4.399,2.99,4.12
2017-12-16,4.16,4.7201,3.8172,4.6378
2017-12-17,4.63,6.7,4.596,5.999
2017-12-18,5.999,6.1,4.75,6.0
2017-12-19,5.98,6.463,5.2725,5.6999
2017-12-20,5.69,5.7,4.68,5.1502
2017-12-21,5.1819,5.6899,4.42,5.1596
2017-12-22,5.1596,5.1996,3.25,4.2912
2017-12-23,4.2912,4.998,4.17,4.4

===== Patch 3 =====
2017-12-24,4.4,5.2,3.8,5.181
2017-12-25,5.1899,6.88,5.029,6.4631
2017-12-26,6.4631,10.793,6.35,9.254
2017-12-27,9.2861,11.3,8.2605,10.0731
2017-12-28,10.07,10.25,7.8,9.25
2017-12-29,9.28,9.802,8.39,8.7094
2017-12-30,8.6808,8.7094,6.9301,7.5947
2017-12-31,7.5783,8.798,7.5175,8.53
2018-01-01,8.5478,8.7,7.8,8.45
2018-01-02,8.45,9.1133,8.0922,8.715
2018-01-03,8.7151,9.4697,8.2653,9.304
2018-01-04,9.304,9.6511,8.5595,9.143
2018-01-05,9.135,16.8172,8.9651,14.8908
2018-01-06,14.8908,23.6,14.6999,22.6
2018-01-07,22.6,22.6599,18.05,18.594
2018-01-08,18.5375,19.2999,14.0018,17.9971

===== Patch 4 =====
2018-01-09,18.04,20.6114,16.435,17.399
2018-01-10,17.3992,17.5554,14.6004,17.5
2018-01-11,17.5,23.1079,13.66,21.2024
2018-01-12,21.1022,25.18,19.1,22.1999
2018-01-13,22.1999,23.4998,21.04,22.0246
2018-01-14,22.0252,22.1,18.21,20.4541
2018-01-15,20.4546,23.231,19.0113,19.3396
2018-01-16,19.4376,19.4475,9.89,13.1996
2018-01-17,13.0262,15.7,9.4001,14.1998
2018-01-18,14.1191,15.9,13.0203,14.1397
2018-01-19,14.0405,15.4799,13.501,14.9447
2018-01-20,14.9447,16.68,14.8249,16.1712
2018-01-21,16.1602,16.26,13.0339,14.1334
2018-01-22,14.1334,14.4978,11.6101,12.91
2018-01-23,12.9149,13.9,11.637,13.1022
2018-01-24,13.1494,14.3,12.6,13.8

===== Patch 5 =====
2018-01-25,13.7998,14.1516,13.01,13.1905
2018-01-26,13.1905,13.5989,12.01,13.1344
2018-01-27,13.169,13.551,12.85,13.3994
2018-01-28,13.3991,14.0235,13.3,13.7739
2018-01-29,13.7739,13.87,12.739,12.815
2018-01-30,12.8295,12.98,11.11,11.4749
2018-01-31,11.46,11.5483,10.553,11.3131
2018-02-01,11.3131,11.45,8.63,9.5138
2018-02-02,9.5138,10.749,7.3,9.7484
2018-02-03,9.7485,10.354,8.5818,9.7252
2018-02-04,9.7497,9.7527,8.012,8.3511
2018-02-05,8.4003,8.6005,6.0801,6.7315
2018-02-06,6.7216,8.6,5.5233,8.263
2018-02-07,8.2502,9.236,7.28,8.0647
2018-02-08,8.0979,8.3887,8.0012,8.2791
2018-02-09,8.2791,10.0,8.279,9.86

===== Patch 6 =====
2018-02-10,9.86,10.4444,8.767,9.2448
2018-02-11,9.2501,9.5,8.02,8.674
2018-02-12,8.6739,9.4348,8.659,9.3389
2018-02-13,9.339,9.36,8.7306,9.016
2018-02-14,9.0001,10.65,8.953,10.4096
2018-02-15,10.4063,11.29,9.9784,10.8661
2018-02-16,10.8784,11.25,10.3,11.25
2018-02-17,11.2054,11.8461,10.85,11.66
2018-02-18,11.6827,11.6827,10.5819,10.6631
2018-02-19,10.6631,11.1899,10.5398,11.0601
2018-02-20,11.0699,11.2,9.68,9.8888
2018-02-21,9.8888,10.2252,9.045,9.3799
2018-02-22,9.395,9.8129,8.6203,8.86
2018-02-23,8.8474,9.7301,8.6,9.693
2018-02-24,9.7,9.8379,8.6902,9.0873
2018-02-25,9.1161,9.47,8.9,9.35

===== Patch 7 =====
2018-02-26,9.3677,10.0999,9.09,9.9199
2018-02-27,9.9199,11.1111,9.7713,10.56
2018-02-28,10.56,11.1743,10.3295,10.4536
2018-03-01,10.4641,10.68,10.3245,10.4768
2018-03-02,10.4715,10.585,10.1136,10.2348
2018-03-03,10.2347,10.4694,10.1171,10.2399
2018-03-04,10.2399,10.4239,9.8501,10.4139
2018-03-05,10.4139,10.4533,10.0847,10.0847
2018-03-06,10.084,10.134,9.1025,9.3899
2018-03-07,9.3899,10.2114,8.11,9.0405
2018-03-08,9.0446,9.1921,8.0211,8.2703
2018-03-09,8.2703,8.3421,7.06,8.2807
2018-03-10,8.2951,8.3498,7.5553,7.65
2018-03-11,7.65,8.423,7.2,8.268
2018-03-12,8.2679,8.4988,7.66,8.034
2018-03-13,8.0204,11.0,7.8055,10.2188

===== Patch 8 =====
2018-03-14,10.1999,10.6753,8.5,8.9243
2018-03-15,8.915,9.4486,8.3,9.1047
2018-03-16,9.1074,9.38,8.55,9.0645
2018-03-17,9.1043,9.471,8.6245,8.9231
2018-03-18,8.9256,8.98,7.8,8.9648
2018-03-19,8.9664,9.4,8.45,9.035
2018-03-20,9.035,9.2888,8.6001,9.1618
2018-03-21,9.1865,10.3383,9.01,9.9777
2018-03-22,9.9729,10.94,9.47,10.0806
2018-03-23,10.0614,11.98,9.5,11.7397
2018-03-24,11.7158,14.9444,11.5314,13.2398
2018-03-25,13.2398,14.26,12.4771,12.95
2018-03-26,12.95,13.04,10.8189,12.05
2018-03-27,12.01,12.23,10.83,11.5404
2018-03-28,11.5404,12.235,11.31,11.6888
2018-03-29,11.687,11.7494,10.11,10.1877

===== Patch 9 =====
2018-03-30,10.1877,10.8769,9.6305,10.3955
2018-03-31,10.4,11.4836,10.25,11.051
2018-04-01,11.0599,11.3106,10.3002,11.0767
2018-04-02,11.0956,12.68,10.9815,12.5996
2018-04-03,12.5996,13.9701,12.2114,13.305
2018-04-04,13.2788,13.4889,12.0,12.21
2018-04-05,12.2098,12.65,12.093,12.4888
2018-04-06,12.4888,12.7001,12.0115,12.2599
2018-04-07,12.26,12.6487,12.22,12.5
2018-04-08,12.5,12.5216,12.11,12.1311
2018-04-09,12.1244,12.55,11.51,11.8888
2018-04-10,11.8832,12.441,11.77,12.0904
2018-04-11,12.1121,12.33,11.77,12.33
2018-04-12,12.33,13.034,11.85,13.0087
2018-04-13,13.0087,13.82,12.6961,13.52
2018-04-14,13.52,13.88,12.9174,13.2888

===== Patch 10 =====
2018-04-15,13.2865,13.62,12.9,13.0989
2018-04-16,13.0985,13.0997,12.011,12.2342
2018-04-17,12.2342,12.4848,11.6658,11.777
2018-04-18,11.777,12.45,11.511,12.2999
2018-04-19,12.2999,12.44,12.02,12.361
2018-04-20,12.3502,12.7241,11.85,12.5858
2018-04-21,12.574,13.74,12.38,13.3302
2018-04-22,13.3689,13.3987,12.8,12.8888
2018-04-23,12.8887,13.8644,12.82,13.645
2018-04-24,13.6449,15.6805,13.6096,15.0895
2018-04-25,15.0786,15.9,12.91,13.3999
2018-04-26,13.3999,14.75,13.1855,14.63
2018-04-27,14.6299,14.7854,14.1075,14.2396
2018-04-28,14.2493,15.4,14.1628,15.2011
2018-04-29,15.1672,15.436,14.5001,15.0489
2018-04-30,15.0489,15.15,14.04,14.3291

===== Patch 11 =====
2018-05-01,14.3271,14.3288,13.5,14.1711
2018-05-02,14.1421,14.44,13.9001,14.439
2018-05-03,14.4389,14.8599,14.1799,14.6999
2018-05-04,14.6493,14.7499,14.25,14.3622
2018-05-05,14.3621,14.57,14.21,14.4468
2018-05-06,14.444,14.9384,13.5495,14.012
2018-05-07,13.9993,14.0764,12.915,13.71
2018-05-08,13.7191,13.9733,13.0001,13.4981
2018-05-09,13.5,14.8,13.02,14.6417
2018-05-10,14.6266,15.05,13.7323,13.7957
2018-05-11,13.7737,14.13,12.5211,12.9884
2018-05-12,12.9603,13.27,12.1242,12.9319
2018-05-13,12.9319,13.5794,12.6186,13.1515
2018-05-14,13.1624,13.2,12.2,12.8388
2018-05-15,12.8448,13.33,12.4638,12.5389
2018-05-16,12.5312,12.9199,11.88,12.2901

===== Patch 12 =====
2018-05-17,12.28,12.9496,12.1818,12.3777
2018-05-18,12.3679,16.276,12.0001,15.1363
2018-05-19,15.0885,15.6666,13.95,14.33
2018-05-20,14.335,14.3995,13.682,14.1666
2018-05-21,14.1664,14.8005,13.7,14.6996
2018-05-22,14.6728,14.85,13.6911,13.888
2018-05-23,13.8544,13.9299,12.235,12.4998
2018-05-24,12.4997,13.1947,12.1,13.0288
2018-05-25,13.0255,13.3789,12.5627,13.0129
2018-05-26,13.0129,13.283,12.6411,12.7888
2018-05-27,12.7561,12.8,12.2856,12.6046
2018-05-28,12.596,12.75,11.611,11.9179
2018-05-29,11.892,12.7,11.6601,12.6073
2018-05-30,12.5947,12.7927,12.17,12.6199
2018-05-31,12.608,14.302,12.38,14.2
2018-06-01,14.1919,14.467,13.76,14.2888

===== Patch 13 =====
2018-06-02,14.2503,14.882,14.0,14.6732
2018-06-03,14.6785,15.0254,14.2657,14.6995
2018-06-04,14.666,14.743,13.59,14.2636
2018-06-05,14.2635,15.711,14.1328,15.6156
2018-06-06,15.6156,17.4767,15.23,17.275
2018-06-07,17.2512,17.44,16.11,16.2791
2018-06-08,16.28,16.6579,15.72,16.2292
2018-06-09,16.2292,16.906,15.869,16.0188
2018-06-10,16.0192,16.1199,13.4,14.18
2018-06-11,14.18,15.48,13.6712,15.47
2018-06-12,15.47,16.16,14.86,15.2263
2018-06-13,15.2265,15.85,13.6924,14.5888
2018-06-14,14.5794,15.2,14.0,14.867
2018-06-15,14.867,15.65,14.602,14.9895
2018-06-16,14.98,15.96,14.82,15.7602
2018-06-17,15.7883,17.2,15.6951,16.5987

===== Patch 14 =====
2018-06-18,16.6105,17.1998,16.11,16.8111
2018-06-19,16.8092,16.95,16.1288,16.7556
2018-06-20,16.7395,16.85,15.6,16.0773
2018-06-21,16.0768,17.38,15.865,17.0727
2018-06-22,17.0726,17.25,15.16,15.56
2018-06-23,15.55,16.0488,15.3123,15.6398
2018-06-24,15.6024,15.749,13.3419,14.4174
2018-06-25,14.4174,15.1532,13.76,14.92
2018-06-26,14.8982,15.0098,13.83,14.0525
2018-06-27,14.0525,14.3404,13.789,14.0737
2018-06-28,14.0852,14.9,13.81,14.206
2018-06-29,14.1312,14.7,13.734,14.5399
2018-06-30,14.4847,15.1514,14.256,14.6851
2018-07-01,14.7344,14.7499,14.09,14.37
2018-07-02,14.3679,14.7502,14.01,14.5968
2018-07-03,14.5968,14.81,14.0146,14.1639

===== Patch 15 =====
2018-07-04,14.17,14.2499,13.8502,14.0212
2018-07-05,14.0212,14.1367,13.412,13.76
2018-07-06,13.76,13.8143,13.1402,13.4366
2018-07-07,13.4366,14.3006,13.2799,14.16
2018-07-08,14.1546,14.18,13.84,14.01
2018-07-09,14.0096,14.0497,13.4588,13.5348
2018-07-10,13.5382,13.6312,12.6171,12.77
2018-07-11,12.77,12.87,12.1201,12.697
2018-07-12,12.6899,12.7777,11.802,12.1318
2018-07-13,12.1256,12.4299,11.904,12.1803
2018-07-14,12.1772,12.2799,11.921,12.0595
2018-07-15,12.0677,12.399,11.93,12.321
2018-07-16,12.321,13.4295,12.1525,13.3471
2018-07-17,13.3717,13.9,12.827,13.7398
2018-07-18,13.7398,13.88,12.65,12.8574
2018-07-19,12.8575,13.3776,12.7161,12.955

===== Patch 16 =====
2018-07-20,12.955,13.039,11.821,12.0798
2018-07-21,12.0701,12.4933,11.8087,12.1959
2018-07-22,12.1655,12.35,11.9257,12.1885
2018-07-23,12.1594,12.4,11.9,12.0348
2018-07-24,12.0348,12.289,11.6358,12.1469
2018-07-25,12.1469,13.5136,12.1111,13.0048
2018-07-26,13.0448,13.6397,12.9008,13.3283
2018-07-27,13.3435,14.0845,13.0383,13.9919
2018-07-28,13.9902,14.8886,13.72,14.669
2018-07-29,14.6415,14.7512,13.666,13.9569
2018-07-30,13.9353,13.9724,13.0,13.1666
2018-07-31,13.2057,14.1,13.001,13.8369
2018-08-01,13.8384,14.1,13.1725,13.6666
2018-08-02,13.6481,14.1999,13.364,14.15
2018-08-03,14.1302,14.18,13.55,14.1251
2018-08-04,14.1251,14.47,13.55,13.8663

===== Patch 17 =====
2018-08-05,13.8663,13.9499,13.2224,13.64
2018-08-06,13.6407,13.975,13.4688,13.6998
2018-08-07,13.6988,13.85,13.0735,13.1488
2018-08-08,13.1486,13.1688,11.95,12.1489
2018-08-09,12.1489,12.8769,12.0408,12.7654
2018-08-10,12.7698,12.8249,11.6912,12.1472
2018-08-11,12.1387,12.1666,11.3,11.6972
2018-08-12,11.69,11.8735,11.3503,11.7999
2018-08-13,11.7999,11.8899,10.11,10.2576
2018-08-14,10.293,10.3285,8.5318,9.3999
2018-08-15,9.3999,10.65,9.3328,9.5049
2018-08-16,9.5048,10.0,9.3549,9.7888
2018-08-17,9.7779,10.88,9.7008,10.88
2018-08-18,10.8766,10.98,9.4518,9.8807
2018-08-19,9.8807,10.2999,9.6501,10.1388
2018-08-20,10.1304,10.2081,9.5505,9.6377

===== Patch 18 =====
2018-08-21,9.6377,9.8499,9.3526,9.7399
2018-08-22,9.7396,10.25,9.1803,9.5888
2018-08-23,9.5105,9.7881,9.3201,9.7587
2018-08-24,9.7475,10.2313,9.55,10.2038
2018-08-25,10.2037,10.3,9.9115,10.1058
2018-08-26,10.0997,10.2578,9.7298,10.2158
2018-08-27,10.2082,11.3135,10.1023,11.1888
2018-08-28,11.169,11.5489,10.76,11.5188
2018-08-29,11.5188,11.5188,10.7,11.1888
2018-08-30,11.1547,11.1999,10.3501,10.7899
2018-08-31,10.7899,10.9935,10.5548,10.9899
2018-09-01,10.9897,11.57,10.9436,11.48
2018-09-02,11.48,11.5043,11.07,11.3684
2018-09-03,11.366,11.48,11.046,11.3294
2018-09-04,11.3299,11.4494,11.2106,11.4217
2018-09-05,11.4399,11.5886,9.9,9.9664

===== Patch 19 =====
2018-09-06,9.9978,10.382,9.5349,10.2888
2018-09-07,10.2699,10.2994,9.63,9.9401
2018-09-08,9.948,10.1497,9.2715,9.5224
2018-09-09,9.511,9.7678,9.1535,9.5399
2018-09-10,9.4999,9.7381,9.25,9.508
2018-09-11,9.5078,9.6,9.1013,9.3688
2018-09-12,9.3796,9.4822,9.01,9.2081
2018-09-13,9.2081,9.7146,9.1994,9.5911
2018-09-14,9.5911,10.0997,9.4809,9.9268
2018-09-15,9.8842,10.242,9.84,10.0999
2018-09-16,10.0626,10.1381,9.7,9.9399
2018-09-17,9.9281,10.0321,9.2542,9.3626
2018-09-18,9.3626,9.6533,9.22,9.5599
2018-09-19,9.531,9.7997,9.231,9.6399
2018-09-20,9.6204,10.08,9.5682,10.0388
2018-09-21,10.0126,10.48,9.9091,10.48

===== Patch 20 =====
2018-09-22,10.4761,10.6,9.985,10.2911
2018-09-23,10.2534,10.4258,10.1025,10.2907
2018-09-24,10.3,10.3599,9.9082,10.0588
2018-09-25,10.0295,10.0583,9.3612,9.8745
2018-09-26,9.8498,9.9417,9.5514,9.712
2018-09-27,9.7286,10.1118,9.6364,10.0599
2018-09-28,10.0599,10.28,9.8049,9.9911
2018-09-29,9.9607,10.0773,9.72,10.0118
2018-09-30,10.0,10.0761,9.8203,10.0172
2018-10-01,10.0172,10.0761,9.85,9.9811
2018-10-02,9.9811,10.69,9.85,10.3711
2018-10-03,10.3,10.49,10.0103,10.3136
2018-10-04,10.2851,10.4393,10.201,10.2982
2018-10-05,10.2735,10.77,10.227,10.6756
2018-10-06,10.6622,10.75,10.3232,10.4289
2018-10-07,10.4085,10.6,10.2602,10.5852

===== Patch 21 =====
2018-10-08,10.5852,10.6929,10.4938,10.5911
2018-10-09,10.5909,10.6297,10.27,10.4113
2018-10-10,10.4113,10.4351,10.22,10.3614
2018-10-11,10.3877,10.3991,9.22,9.3599
2018-10-12,9.3618,9.7497,9.2471,9.5551
2018-10-13,9.5501,9.7299,9.5227,9.681
2018-10-14,9.67,9.8,9.5101,9.5895
2018-10-15,9.5883,11.0,9.5106,10.5655
2018-10-16,10.5509,10.571,10.1061,10.2771
2018-10-17,10.2643,10.35,10.09,10.2338
2018-10-18,10.2338,10.2856,9.81,9.922
2018-10-19,9.922,9.9797,9.83,9.9001
2018-10-20,9.9134,9.997,9.822,9.9365
2018-10-21,9.9231,10.0272,9.87,9.9311
2018-10-22,9.9123,9.98,9.81,9.8932
2018-10-23,9.8801,10.0788,9.8099,9.9298

===== Patch 22 =====
2018-10-24,9.9209,9.99,9.8555,9.8837
2018-10-25,9.8816,9.925,9.7502,9.8056
2018-10-26,9.805,9.9121,9.75,9.8296
2018-10-27,9.8297,9.8347,9.6972,9.7331
2018-10-28,9.7285,9.7638,9.6022,9.7207
2018-10-29,9.7207,9.7317,9.3748,9.445
2018-10-30,9.4516,9.5386,9.4003,9.4521
2018-10-31,9.4513,9.5546,9.2811,9.4807
2018-11-01,9.4837,9.66,9.4303,9.6192
2018-11-02,9.6106,9.7192,9.5467,9.6421
2018-11-03,9.6607,9.744,9.4888,9.5889
2018-11-04,9.588,9.8974,9.5,9.819
2018-11-05,9.8084,9.8294,9.6603,9.7333
2018-11-06,9.7509,9.8891,9.6703,9.881
2018-11-07,9.8718,9.9776,9.81,9.897
2018-11-08,9.897,9.9268,9.6503,9.686

===== Patch 23 =====
2018-11-09,9.6868,9.7497,9.5169,9.6141
2018-11-10,9.6132,9.6896,9.5672,9.5898
2018-11-11,9.5898,9.621,9.35,9.5611
2018-11-12,9.5586,9.5891,9.331,9.4862
2018-11-13,9.4862,9.5891,9.3602,9.3936
2018-11-14,9.387,9.4453,8.3359,8.6811
2018-11-15,8.6896,8.7342,7.8,8.3793
2018-11-16,8.3793,8.4049,7.8,8.01
2018-11-17,8.0097,8.0192,7.6846,7.8494
2018-11-18,7.8493,8.166,7.8301,8.0832
2018-11-19,8.0833,8.0918,6.6453,6.6844
2018-11-20,6.704,6.905,5.612,5.92
2018-11-21,5.9419,6.323,5.6502,6.2894
2018-11-22,6.2896,6.3727,5.7172,5.77
2018-11-23,5.7755,5.8396,5.45,5.6611
2018-11-24,5.6525,5.8055,4.7632,5.193

===== Patch 24 =====
2018-11-25,5.199,5.38,4.532,5.2873
2018-11-26,5.28,5.4,4.7568,5.0631
2018-11-27,5.063,5.063,4.7045,4.984
2018-11-28,4.984,5.4603,4.984,5.3499
2018-11-29,5.3498,5.6344,5.1243,5.3805
2018-11-30,5.3902,5.448,4.9534,5.115
2018-12-01,5.1122,5.4006,5.0072,5.2899
2018-12-02,5.2787,5.4357,5.205,5.2888
2018-12-03,5.2831,5.2956,5.01,5.1266
2018-12-04,5.1294,6.3649,5.0856,5.902
2018-12-05,5.902,6.62,5.7225,6.0727
2018-12-06,6.0689,6.109,4.85,4.9023
2018-12-07,4.8977,4.9997,4.12,4.516
2018-12-08,4.5118,4.8009,4.3001,4.6361
2018-12-09,4.628,5.0003,4.5167,4.7693
2018-12-10,4.7693,4.9398,4.4698,4.6276

===== Patch 25 =====
2018-12-11,4.6297,4.9295,4.5,4.8973
2018-12-12,4.8936,5.15,4.739,4.9815
2018-12-13,4.982,4.9933,4.5563,4.6384
2018-12-14,4.6399,4.75,4.43,4.5211
2018-12-15,4.5148,4.599,4.4436,4.5531
2018-12-16,4.5479,4.7064,4.5089,4.616
2018-12-17,4.6193,5.1271,4.601,5.065
2018-12-18,5.065,5.5362,4.9,5.5308
2018-12-19,5.5349,5.8331,5.2847,5.3633
2018-12-20,5.3627,5.79,5.2369,5.6766
2018-12-21,5.6761,5.7897,5.3166,5.4766
2018-12-22,5.4766,5.8802,5.395,5.8398
2018-12-23,5.8399,6.1318,5.7589,5.959
2018-12-24,5.9588,6.4735,5.93,6.0979
2018-12-25,6.0975,6.0994,5.3127,5.45
2018-12-26,5.4432,5.684,5.37,5.6029

===== Patch 26 =====
2018-12-27,5.6062,5.6559,5.1,5.1791
2018-12-28,5.1818,5.8995,5.1003,5.8811
2018-12-29,5.8803,6.0,5.61,5.66
2018-12-30,5.67,5.9186,5.558,5.8939
2018-12-31,5.9,6.2433,5.8304,6.1111
2019-01-01,6.1139,6.1228,5.7735,5.991
2019-01-02,5.991,6.0939,5.8371,6.051
2019-01-03,6.0445,6.062,5.7739,5.7979
2019-01-04,5.7947,5.99,5.7402,5.9692
2019-01-05,5.9688,6.1043,5.9188,5.9625
2019-01-06,5.9626,6.3888,5.925,6.2688
2019-01-07,6.2681,6.3094,6.0061,6.2009
2019-01-08,6.1979,6.7984,6.1381,6.5128
2019-01-09,6.5197,6.854,6.3386,6.5511
2019-01-10,6.5511,6.5764,5.65,5.8449
2019-01-11,5.844,6.1198,5.6853,5.9595

===== Patch 27 =====
2019-01-12,5.9552,5.9657,5.8,5.8594
2019-01-13,5.8629,5.8884,5.3733,5.4688
2019-01-14,5.4688,6.062,5.4586,6.0583
2019-01-15,6.0565,6.0649,5.6601,5.8111
2019-01-16,5.8007,6.1817,5.7741,6.0911
2019-01-17,6.0941,6.33,5.9604,6.3266
2019-01-18,6.3152,6.5879,6.2132,6.4867
2019-01-19,6.4887,6.64,6.2435,6.5199
2019-01-20,6.5221,6.6295,6.2401,6.4008
2019-01-21,6.4069,6.515,6.2788,6.4724
2019-01-22,6.4681,6.5088,6.25,6.4736
2019-01-23,6.478,6.53,6.3499,6.4969
2019-01-24,6.4963,6.4963,6.3915,6.4588
2019-01-25,6.4555,6.7502,6.4408,6.6899
2019-01-26,6.689,6.9786,6.6196,6.9463
2019-01-27,6.9453,7.2157,6.7919,7.0396

===== Patch 28 =====
2019-01-28,7.0399,7.1398,5.94,6.1648
2019-01-29,6.1642,6.2599,5.968,6.1661
2019-01-30,6.1335,6.1999,6.001,6.1388
2019-01-31,6.1384,6.2663,5.9468,6.22
2019-02-01,6.225,6.65,6.1172,6.5229
2019-02-02,6.5185,6.9,6.4823,6.8655
2019-02-03,6.8688,6.9,6.6148,6.7887
2019-02-04,6.7888,7.185,6.68,7.1069
2019-02-05,7.1028,7.9715,6.9501,7.8665
2019-02-06,7.8569,8.48,7.32,8.1303
2019-02-07,8.1347,8.4666,7.6733,7.81
2019-02-08,7.807,8.8387,7.61,8.5972
2019-02-09,8.5972,8.921,8.4052,8.9051
2019-02-10,8.9001,9.2999,8.8264,9.1697
2019-02-11,9.1695,9.778,9.01,9.5288
2019-02-12,9.525,9.9,8.921,9.2765

===== Patch 29 =====
2019-02-13,9.2763,9.2763,8.71,8.9103
2019-02-14,8.9165,9.05,8.4051,8.7655
2019-02-15,8.7636,9.4997,8.7293,9.2911
2019-02-16,9.2854,9.3399,9.048,9.1087
2019-02-17,9.0972,9.22,8.8903,9.22
2019-02-18,9.2167,9.6999,9.1777,9.6127
2019-02-19,9.6127,11.1307,9.481,10.4728
2019-02-20,10.4687,11.2951,10.3928,10.9211
2019-02-21,10.9199,10.936,10.13,10.4661
2019-02-22,10.4695,10.9611,10.3799,10.7576
2019-02-23,10.7572,10.85,10.4,10.7265
2019-02-24,10.7267,11.09,9.3901,9.9476
2019-02-25,9.9442,10.2361,9.2685,9.6967
2019-02-26,9.6967,9.7557,9.3551,9.4168
2019-02-27,9.4238,9.9998,9.35,9.8467
2019-02-28,9.8502,10.4914,9.7899,10.2779

===== Patch 30 =====
2019-03-01,10.2777,11.551,10.2067,11.3111
2019-03-02,11.3353,11.8,10.8,11.7566
2019-03-03,11.7564,11.8701,11.1902,11.4511
2019-03-04,11.4511,11.508,10.85,11.4006
2019-03-05,11.405,13.75,11.395,13.6229
2019-03-06,13.623,14.663,12.9,14.5294
2019-03-07,14.529,15.56,14.327,15.1
2019-03-08,15.0999,15.2194,13.5578,14.2931
2019-03-09,14.2848,14.92,13.9609,14.4651
2019-03-10,14.4651,14.5075,13.86,14.3711
2019-03-11,14.3741,14.9,14.011,14.4143
2019-03-12,14.4133,15.4288,14.1809,15.3333
2019-03-13,15.3459,15.38,14.9333,15.0244
2019-03-14,15.0311,15.097,14.563,14.8901
2019-03-15,14.8993,15.199,14.84,14.9432
2019-03-16,14.9429,16.0,14.88,15.9589

===== Patch 31 =====
2019-03-17,15.9589,15.9589,15.44,15.5693
2019-03-18,15.5836,15.7888,15.204,15.5388
2019-03-19,15.5361,15.8,15.0,15.4953
2019-03-20,15.5098,15.5098,15.022,15.1288
2019-03-21,15.1288,15.2987,13.8607,14.3511
2019-03-22,14.3567,15.226,14.231,15.1502
2019-03-23,15.1524,15.44,14.9469,15.1397
2019-03-24,15.1397,17.5,14.66,17.1096
2019-03-25,17.1112,17.338,16.1,16.7631
2019-03-26,16.7761,16.8,15.5301,16.1998
2019-03-27,16.1928,16.8297,15.8697,16.6
2019-03-28,16.6,16.7188,16.401,16.6665
2019-03-29,16.6538,16.8067,16.377,16.4753
2019-03-30,16.4949,16.985,15.9612,16.9666
2019-03-31,16.9666,17.7386,16.7314,17.5376
2019-04-01,17.5201,18.2576,17.3319,17.8888

===== Patch 32 =====
2019-04-02,17.8888,19.88,17.5303,19.7155
2019-04-03,19.7155,20.0,18.0,18.5489
2019-04-04,18.5388,19.41,18.16,18.992
2019-04-05,18.971,19.4593,18.8445,19.3657
2019-04-06,19.3658,19.3866,18.82,19.0745
2019-04-07,19.0423,19.2137,18.8,18.9523
2019-04-08,18.9507,19.042,17.7881,17.9777
2019-04-09,17.9728,18.54,17.01,18.2984
2019-04-10,18.2984,18.6095,17.8927,18.24
2019-04-11,18.24,18.24,16.2501,17.5555
2019-04-12,17.5555,18.552,16.612,18.3333
2019-04-13,18.2867,18.6398,17.9143,18.6111
2019-04-14,18.6111,19.9,18.4259,19.3866
2019-04-15,19.3734,19.78,18.6601,19.2666
2019-04-16,19.2668,19.7482,18.7064,19.6408
2019-04-17,19.6399,19.7908,19.26,19.4888

===== Patch 33 =====
2019-04-18,19.4757,21.998,19.4333,21.8888
2019-04-19,21.8888,24.7459,21.12,24.3188
2019-04-20,24.3188,25.4973,23.76,24.8888
2019-04-21,24.8693,24.8693,22.45,23.9999
2019-04-22,23.9999,24.6368,23.02,23.8
2019-04-23,23.7812,24.6131,22.47,22.546
2019-04-24,22.5207,23.1209,20.88,22.9703
2019-04-25,22.9877,23.4698,21.55,22.4863
2019-04-26,22.4869,23.786,21.6503,23.0555
2019-04-27,23.0555,23.1209,22.3876,22.4324
2019-04-28,22.4326,23.2092,22.42,23.0226
2019-04-29,23.0166,23.0828,21.2797,21.6788
2019-04-30,21.6847,22.3,21.3292,22.0391
2019-05-01,22.03,22.099,21.47,21.8788
2019-05-02,21.881,24.127,21.7497,23.6166
2019-05-03,23.6168,23.972,23.0101,23.6999

===== Patch 34 =====
2019-05-04,23.6999,23.7968,22.3,22.8888
2019-05-05,22.8887,23.1772,22.6408,22.9777
2019-05-06,22.9777,22.9973,21.45,22.1895
2019-05-07,22.2018,22.45,20.205,20.6602
2019-05-08,20.6602,21.4135,19.51,20.6673
2019-05-09,20.6671,20.967,18.5402,18.8388
2019-05-10,18.8377,19.9888,18.3,19.6166
2019-05-11,19.6294,22.0,18.88,20.8059
2019-05-12,20.7871,21.5,20.1,20.8934
2019-05-13,20.9026,24.0,20.7349,23.521
2019-05-14,23.521,24.5,22.5748,23.6553
2019-05-15,23.6553,27.6556,23.46,26.8116
2019-05-16,26.8348,27.79,25.0,26.2888
2019-05-17,26.2888,26.6783,23.1424,25.7795
2019-05-18,25.7986,29.0989,25.1124,28.8171
2019-05-19,28.8165,29.8368,27.543,29.1122

===== Patch 35 =====
2019-05-20,29.1122,29.3399,27.5306,29.2666
2019-05-21,29.2666,32.8,28.05,32.3907
2019-05-22,32.3911,32.4374,30.61,30.8067
2019-05-23,30.8333,32.25,29.6699,31.3934
2019-05-24,31.3986,34.7067,31.12,33.9435
2019-05-25,34.0,35.4888,33.6231,35.0168
2019-05-26,35.1102,35.111,32.32,33.0919
2019-05-27,33.0508,35.1001,32.5,33.511
2019-05-28,33.511,34.5,32.5,33.1068
2019-05-29,33.1086,33.88,30.85,33.6066
2019-05-30,33.5977,34.96,30.25,31.6666
2019-05-31,31.6666,32.9724,30.61,32.8862
2019-06-01,32.916,34.353,32.5024,33.3521
2019-06-02,33.3521,33.7647,32.68,33.1527
2019-06-03,33.1343,33.1753,30.51,30.7564
2019-06-04,30.7358,31.4673,28.7168,29.2596

===== Patch 36 =====
2019-06-05,29.2452,31.1843,28.944,30.8886
2019-06-06,30.829,31.9906,29.63,31.0888
2019-06-07,31.0888,31.9911,30.9001,31.3098
2019-06-08,31.3478,32.2926,31.1071,31.7333
2019-06-09,31.7042,31.85,29.7611,30.095
2019-06-10,30.1174,32.0438,29.7286,32.0271
2019-06-11,32.0261,32.0821,30.9312,31.8889
2019-06-12,31.8889,34.98,31.8008,34.8888
2019-06-13,34.8888,36.3689,34.12,35.251
2019-06-14,35.2577,35.3,29.8146,32.3803
2019-06-15,32.3887,33.942,31.6865,32.6743
2019-06-16,32.6885,33.2943,31.7316,32.1888
2019-06-17,32.1956,34.45,32.1862,33.8286
2019-06-18,33.8542,35.0749,33.7386,34.4333
2019-06-19,34.4261,35.6,34.3939,35.1888
2019-06-20,35.1764,36.9146,34.3979,36.8381

===== Patch 37 =====
2019-06-21,36.81,38.85,36.3364,38.6766
2019-06-22,38.6981,39.5941,37.1,38.0001
2019-06-23,38.0001,38.532,37.26,37.2836
2019-06-24,37.2665,37.821,36.0001,37.43
2019-06-25,37.43,37.551,35.71,36.0941
2019-06-26,36.0941,38.0,34.5,36.1189
2019-06-27,36.1185,36.35,33.1584,34.3999
2019-06-28,34.342,35.2809,33.82,34.6289
2019-06-29,34.5951,35.8,33.2447,35.5
2019-06-30,35.5111,35.5111,32.02,32.114
2019-07-01,32.1141,34.05,31.3682,33.2777
2019-07-02,33.2722,34.0,30.56,31.9777
2019-07-03,31.953,33.05,31.623,32.522
2019-07-04,32.5219,34.3839,32.1503,33.0888
2019-07-05,33.0399,33.6497,32.4,32.5566
2019-07-06,32.5507,33.1815,32.5,32.5888

===== Patch 38 =====
2019-07-07,32.5471,33.3997,32.4,32.9344
2019-07-08,32.9326,34.2918,32.75,33.3888
2019-07-09,33.3888,33.9,32.2195,32.4811
2019-07-10,32.4814,32.89,30.51,31.222
2019-07-11,31.222,31.89,28.2666,29.4181
2019-07-12,29.4213,32.6219,29.0,31.8888
2019-07-13,31.8727,32.4894,30.2075,31.4888
2019-07-14,31.4701,31.5259,28.3111,28.5447
2019-07-15,28.5447,28.7498,26.319,28.647
2019-07-16,28.647,29.58,24.8626,25.0601
2019-07-17,25.0552,28.2898,24.1709,27.6287
2019-07-18,27.6259,29.5,26.8,28.9555
2019-07-19,28.9505,29.96,28.3158,29.0096
2019-07-20,29.0015,31.46,28.9,31.0932
2019-07-21,31.1222,31.5281,29.2801,30.4388
2019-07-22,30.4389,32.6,29.6203,30.885

===== Patch 39 =====
2019-07-23,30.9226,30.94,28.9471,29.4929
2019-07-24,29.4381,29.5057,27.7426,28.8261
2019-07-25,28.8275,29.6596,28.4444,28.9227
2019-07-26,28.9227,29.05,28.1641,28.9
2019-07-27,28.9,29.4502,27.2061,27.7498
2019-07-28,27.7384,27.8459,26.42,27.7555
2019-07-29,27.7556,28.0419,26.8202,26.9525
2019-07-30,26.9539,27.1198,26.202,26.9867
2019-07-31,26.9879,27.83,26.78,27.75
2019-08-01,27.7348,28.7664,27.45,28.7088
2019-08-02,28.71,28.7186,27.5643,28.14
2019-08-03,28.14,28.3409,27.5,27.7333
2019-08-04,27.7333,27.7719,27.0852,27.3834
2019-08-05,27.3834,28.3,27.3011,28.0114
2019-08-06,28.0127,28.3125,27.3333,27.6523
2019-08-07,27.6539,29.98,27.333,29.6694

===== Patch 40 =====
2019-08-08,29.669,31.8791,29.1914,31.1074
2019-08-09,31.1426,31.5,29.6666,29.8188
2019-08-10,29.7969,30.02,29.0333,29.6661
2019-08-11,29.6666,30.4458,29.3,30.2439
2019-08-12,30.2418,30.5936,29.823,30.1856
2019-08-13,30.1856,30.4496,29.2,29.4512
2019-08-14,29.4512,29.4693,26.75,27.0256
2019-08-15,27.0065,28.2174,26.7,28.1058
2019-08-16,28.1052,28.1313,26.788,27.5111
2019-08-17,27.4908,27.9605,26.9863,27.5038
2019-08-18,27.5037,28.1797,27.0511,27.8977
2019-08-19,27.9033,29.1779,27.6884,28.7931
2019-08-20,28.7974,28.8079,27.52,28.0286
2019-08-21,28.0375,28.051,26.3,26.925
2019-08-22,26.9328,27.3301,26.211,26.9731
2019-08-23,26.9788,27.2864,26.5,26.94

===== Patch 41 =====
2019-08-24,26.9399,26.9586,26.01,26.2814
2019-08-25,26.2982,26.4,25.57,26.0888
2019-08-26,26.0886,27.1908,25.6502,26.1257
2019-08-27,26.1341,26.1507,24.6224,25.6051
2019-08-28,25.6056,26.129,23.203,23.3565
2019-08-29,23.3559,23.3559,21.2202,21.7777
2019-08-30,21.7894,22.5678,21.5,22.1448
2019-08-31,22.1449,22.37,20.8857,21.0604
2019-09-01,21.0602,21.6828,20.98,21.4248
2019-09-02,21.4195,22.8303,21.01,22.7449
2019-09-03,22.7449,22.89,22.1615,22.3511
2019-09-04,22.3521,22.5998,21.4699,21.6764
2019-09-05,21.6821,23.5213,21.3,22.6388
2019-09-06,22.6442,23.445,21.6997,21.9906
2019-09-07,21.9932,22.65,21.91,22.3996
2019-09-08,22.3961,22.7321,22.0,22.4111

===== Patch 42 =====
2019-09-09,22.3747,22.4901,21.74,22.0978
2019-09-10,22.104,22.3262,21.5,21.7679
2019-09-11,21.7704,22.0724,20.5413,20.7334
2019-09-12,20.7315,20.9572,19.65,20.82
2019-09-13,20.8236,21.2475,20.4088,20.788
2019-09-14,20.7889,21.15,20.6714,20.9555
2019-09-15,20.9438,21.0419,20.2619,20.2901
2019-09-16,20.2901,20.8,19.8775,20.2422
2019-09-17,20.246,21.439,20.03,21.0473
2019-09-18,21.0302,23.17,20.9442,22.2018
2019-09-19,22.2018,22.4383,20.0022,21.5376
2019-09-20,21.5281,21.5764,20.9005,21.2695
2019-09-21,21.2741,21.4494,20.8096,20.9666
2019-09-22,20.9732,20.9912,20.0,20.3602
2019-09-23,20.364,20.364,19.1614,19.3228
2019-09-24,19.3127,19.5,14.5,15.8249

===== Patch 43 =====
2019-09-25,15.824,16.4882,14.8945,16.0321
2019-09-26,16.0138,16.4,14.2555,15.2212
2019-09-27,15.2113,15.777,14.7,15.6666
2019-09-28,15.6666,15.8729,15.2911,15.7346
2019-09-29,15.7335,15.7953,14.8018,15.1999
2019-09-30,15.187,15.8506,14.62,15.8349
2019-10-01,15.8493,16.28,15.6295,15.8563
2019-10-02,15.8689,15.8892,15.5,15.8742
2019-10-03,15.89,15.929,15.25,15.6377
2019-10-04,15.6489,15.82,15.21,15.6133
2019-10-05,15.6028,15.7794,15.3644,15.6869
2019-10-06,15.6866,15.7299,14.9,15.0688
2019-10-07,15.0655,16.128,14.8555,16.0255
2019-10-08,16.0255,16.4007,15.7959,16.0213
2019-10-09,16.0206,17.9999,15.8829,17.7177
2019-10-10,17.7089,17.918,17.031,17.5288

===== Patch 44 =====
2019-10-11,17.5328,17.7,16.51,16.5666
2019-10-12,16.5666,17.4868,16.5059,17.17
2019-10-13,17.1666,18.7699,17.111,18.256
2019-10-14,18.256,18.6275,17.8511,18.4376
2019-10-15,18.4389,19.17,18.1,18.5643
2019-10-16,18.56,18.647,17.3627,17.7401
2019-10-17,17.7504,18.8346,17.562,18.5188
2019-10-18,18.5205,18.7501,17.6733,18.2188
2019-10-19,18.2188,18.4444,17.8575,18.2229
2019-10-20,18.2189,18.58,17.7152,18.4997
2019-10-21,18.4897,18.5171,17.91,18.2551
2019-10-22,18.2534,18.8,18.0692,18.2286
2019-10-23,18.2581,18.27,16.1213,16.6796
2019-10-24,16.6798,17.0987,16.31,16.9194
2019-10-25,16.9194,19.111,16.7516,18.6188
2019-10-26,18.6189,19.7653,18.0308,18.9501

===== Patch 45 =====
2019-10-27,18.9311,19.63,18.4744,19.2888
2019-10-28,19.2938,21.15,19.26,19.939
2019-10-29,19.9379,21.2378,19.81,20.7452
2019-10-30,20.73,20.7975,19.1076,20.052
2019-10-31,20.05,20.37,19.3529,19.9099
2019-11-01,19.9087,20.0399,19.6424,19.9999
2019-11-02,19.9999,20.3,19.96,20.1745
2019-11-03,20.1847,20.39,19.8053,20.1874
2019-11-04,20.1725,20.88,20.0285,20.6139
2019-11-05,20.6139,20.89,20.32,20.6588
2019-11-06,20.6621,20.9399,20.4408,20.7
2019-11-07,20.6993,20.849,19.91,20.4208
2019-11-08,20.4342,20.5164,19.2609,19.646
2019-11-09,19.646,19.9632,19.4626,19.6999
2019-11-10,19.7042,20.6,19.6694,20.4333
2019-11-11,20.4323,20.6277,19.7497,20.0888

===== Patch 46 =====
2019-11-12,20.0977,20.9798,19.9443,20.9798
2019-11-13,20.9797,21.8,20.68,21.3846
2019-11-14,21.3883,21.6492,20.7111,21.3166
2019-11-15,21.3165,21.3353,19.9614,20.2735
2019-11-16,20.2871,20.5999,19.9,20.1631
2019-11-17,20.1641,20.4359,19.75,20.194
2019-11-18,20.1889,20.1916,18.6,19.0817
2019-11-19,19.0817,19.28,18.08,18.4997
2019-11-20,18.4999,18.7494,17.7738,18.0826
2019-11-21,18.0827,18.2399,16.34,16.7985
2019-11-22,16.7986,17.2798,14.2846,15.485
2019-11-23,15.4875,16.3483,14.957,16.232
2019-11-24,16.2321,16.506,14.9,14.9964
2019-11-25,15.0152,15.76,13.88,15.1457
2019-11-26,15.1466,15.89,14.9382,15.3564
2019-11-27,15.3565,16.2255,14.5811,16.0888

===== Patch 47 =====
2019-11-28,16.0888,16.1899,15.4404,15.5333
2019-11-29,15.5255,16.2998,15.4692,16.2281
2019-11-30,16.2281,16.2765,15.4501,15.7118
2019-12-01,15.703,15.7139,14.8,15.4297
2019-12-02,15.4287,15.62,15.019,15.1288
2019-12-03,15.1394,15.4255,15.0475,15.2542
2019-12-04,15.2545,15.88,14.8275,15.1
2019-12-05,15.1254,15.72,14.806,15.6555
2019-12-06,15.6532,15.7498,15.3,15.6666
2019-12-07,15.657,15.8199,15.519,15.6067
2019-12-08,15.6066,15.72,15.3496,15.6121
2019-12-09,15.5947,15.799,15.1838,15.3284
2019-12-10,15.3284,15.3454,14.6,14.8088
2019-12-11,14.8004,14.9984,14.6,14.78
2019-12-12,14.78,14.8495,14.35,14.7238
2019-12-13,14.7165,14.9775,14.66,14.8555

===== Patch 48 =====
2019-12-14,14.8555,15.0,14.1629,14.3888
2019-12-15,14.3887,14.493,14.1361,14.3949
2019-12-16,14.3946,14.4356,13.258,13.4544
2019-12-17,13.4721,13.475,12.1111,12.381
2019-12-18,12.3837,13.7348,12.21,13.6158
2019-12-19,13.6247,13.7631,12.9624,13.3441
2019-12-20,13.3519,13.5291,13.08,13.5
2019-12-21,13.4932,13.51,13.26,13.2933
2019-12-22,13.2874,13.8309,13.2689,13.7798
2019-12-23,13.7768,13.9447,13.2,13.2998
2019-12-24,13.2987,13.5916,13.2299,13.3369
2019-12-25,13.334,13.3522,12.85,13.0666
2019-12-26,13.0665,13.5466,13.023,13.1414
2019-12-27,13.1349,13.2981,12.8927,13.2888
2019-12-28,13.2888,13.72,13.2569,13.6779
2019-12-29,13.6788,14.2186,13.575,14.104

===== Patch 49 =====
2019-12-30,14.0984,14.3796,13.78,13.8597
2019-12-31,13.8597,14.0564,13.64,13.7161
2020-01-01,13.7159,13.8692,13.65,13.7184
2020-01-02,13.7072,13.7302,12.98,13.0105
2020-01-03,13.0104,13.75,12.9801,13.6474
2020-01-04,13.6481,13.871,13.5102,13.8092
2020-01-05,13.7978,14.3133,13.791,14.0532
2020-01-06,14.0488,14.9873,14.0168,14.9471
2020-01-07,14.9427,15.187,14.456,15.0226
2020-01-08,15.0212,15.32,14.2,14.5334
2020-01-09,14.5334,14.5823,14.201,14.3978
2020-01-10,14.3806,15.0973,14.11,15.07
2020-01-11,15.0643,15.32,14.7111,14.9177
2020-01-12,14.9137,15.4707,14.8001,15.3366
2020-01-13,15.337,15.3572,14.9295,15.1736
2020-01-14,15.1735,16.91,15.1659,16.6371

===== Patch 50 =====
2020-01-15,16.6301,18.19,16.27,17.6655
2020-01-16,17.6655,17.6923,16.31,17.0333
2020-01-17,17.04,18.4849,17.04,18.0724
2020-01-18,18.0763,18.3602,17.45,17.8088
2020-01-19,17.7954,18.495,16.6666,17.388
2020-01-20,17.3706,17.5516,16.8043,17.3235
2020-01-21,17.3265,18.2,17.2228,18.1166
2020-01-22,18.1107,18.4,17.55,17.8344
2020-01-23,17.8344,17.8344,16.7441,17.0524
2020-01-24,17.0813,17.4429,16.4288,17.1148
2020-01-25,17.1133,17.1215,16.5685,16.9555
2020-01-26,16.9419,17.499,16.8315,17.499
2020-01-27,17.4919,17.95,17.2198,17.67
2020-01-28,17.67,18.16,17.4466,18.0662
2020-01-29,18.0614,18.4437,17.809,17.9134
2020-01-30,17.9296,18.7027,17.7,18.5555

===== Patch 51 =====
2020-01-31,18.5557,18.88,17.8,18.2644
2020-02-01,18.2644,18.5956,18.03,18.2752
2020-02-02,18.2753,18.7714,17.8277,18.4333
2020-02-03,18.4333,18.8763,18.1959,18.46
2020-02-04,18.461,18.6158,17.87,18.1778
2020-02-05,18.1778,19.4583,18.1635,19.262
2020-02-06,19.2686,20.84,19.03,20.6675
2020-02-07,20.6665,22.5221,20.5199,22.0555
2020-02-08,22.036,22.19,20.8943,21.7888
2020-02-09,21.7871,24.3814,21.7746,24.38
2020-02-10,24.3517,25.7935,23.3,25.1465
2020-02-11,25.145,25.74,24.1202,25.6963
2020-02-12,25.6728,26.9196,25.3402,26.4243
2020-02-13,26.4136,27.1905,24.5995,25.4579
2020-02-14,25.4621,26.513,25.0304,26.3547
2020-02-15,26.3662,26.4931,23.5288,24.2576

===== Patch 52 =====
2020-02-16,24.2388,25.2485,21.8,23.3193
2020-02-17,23.3193,23.6,21.551,23.4555
2020-02-18,23.4558,24.4588,22.8013,24.0821
2020-02-19,24.0611,24.3264,21.8,22.3709
2020-02-20,22.3702,22.6741,21.0,22.1626
2020-02-21,22.1617,22.8639,21.7677,22.1888
2020-02-22,22.1997,22.35,21.5,21.9689
2020-02-23,21.9458,22.98,21.9275,22.8452
2020-02-24,22.8267,23.255,21.4844,22.0965
2020-02-25,22.0965,22.0967,20.0711,20.3193
2020-02-26,20.3316,20.5191,17.9,18.7441
2020-02-27,18.7338,19.6499,17.7051,19.2
2020-02-28,19.1889,19.7551,17.9053,18.9838
2020-02-29,18.9838,20.4,18.8,19.23
2020-03-01,19.2481,19.8994,18.488,18.902
2020-03-02,18.9183,20.0722,18.7583,19.9289

===== Patch 53 =====
2020-03-03,19.9297,20.3865,19.3156,19.6882
2020-03-04,19.6707,20.2847,19.5131,19.95
2020-03-05,19.95,21.4585,19.9401,20.7462
2020-03-06,20.7463,21.7628,20.6303,21.3389
2020-03-07,21.3389,21.49,19.7183,20.25
2020-03-08,20.25,20.2612,16.7315,16.894
2020-03-09,16.8939,17.4775,15.6168,16.5888
2020-03-10,16.5934,17.4475,16.3107,16.8671
2020-03-11,16.853,17.1388,15.41,16.5705
2020-03-12,16.5698,16.6,8.89,9.2566
2020-03-13,9.2565,11.5572,6.38,10.9204
2020-03-14,10.9224,11.2886,9.8652,10.1487
2020-03-15,10.1475,11.2644,9.9768,10.3898
2020-03-16,10.3808,10.3952,8.4422,9.4285
2020-03-17,9.429,10.49,9.3265,10.2576
2020-03-18,10.2498,10.4301,9.6539,10.3866

===== Patch 54 =====
2020-03-19,10.3917,12.6891,10.226,12.2597
2020-03-20,12.2597,13.65,10.4014,11.9147
2020-03-21,11.8967,12.4199,11.25,12.1
2020-03-22,12.105,12.4754,11.0145,11.167
2020-03-23,11.1494,12.49,10.8427,12.1887
2020-03-24,12.1887,12.5834,11.91,12.426
2020-03-25,12.4261,12.7108,12.0561,12.3251
2020-03-26,12.3253,13.2565,12.19,13.199
2020-03-27,13.1989,13.3655,12.16,12.3354
2020-03-28,12.3375,12.3588,11.6414,12.1888
2020-03-29,12.1888,12.2425,11.275,11.3008
2020-03-30,11.3007,12.4277,11.2552,12.1365
2020-03-31,12.1368,12.7322,12.118,12.5451
2020-04-01,12.5497,12.7386,11.96,12.72
2020-04-02,12.719,13.7362,12.5349,13.0166
2020-04-03,13.0185,13.57,12.9106,13.3615

===== Patch 55 =====
2020-04-04,13.3682,14.0561,13.1724,13.7606
2020-04-05,13.7608,13.9638,13.4002,13.6888
2020-04-06,13.6888,15.2149,13.6371,15.1989
2020-04-07,15.193,15.49,14.2503,14.7266
2020-04-08,14.7267,15.3486,14.57,15.0888
2020-04-09,15.0899,15.2011,14.6279,15.0096
2020-04-10,15.0096,15.0797,13.47,13.72
2020-04-11,13.7171,14.0808,13.5234,13.807
2020-04-12,13.8089,14.8399,13.6439,14.2808
2020-04-13,14.2808,15.0799,13.6289,15.0277
2020-04-14,15.0257,15.9555,14.7835,15.6148
2020-04-15,15.6148,15.8888,14.4913,14.5755
2020-04-16,14.5755,15.7669,14.116,15.7394
2020-04-17,15.7394,15.92,15.2501,15.64
2020-04-18,15.6447,16.8183,15.6242,16.6137
2020-04-19,16.6198,16.6933,15.8509,16.0683

===== Patch 56 =====
2020-04-20,16.0677,16.4499,14.8219,14.9892
2020-04-21,14.984,15.4416,14.6945,15.1283
2020-04-22,15.1381,15.803,14.9112,15.7104
2020-04-23,15.7103,16.4666,15.4102,16.034
2020-04-24,16.0502,16.2568,15.68,15.9319
2020-04-25,15.9319,16.4305,15.7761,16.2283
2020-04-26,16.2235,16.4435,16.04,16.3588
2020-04-27,16.3645,16.56,16.063,16.4229
2020-04-28,16.4199,16.49,16.1125,16.34
2020-04-29,16.3354,17.5171,16.3,17.3667
2020-04-30,17.3754,18.1377,16.5,16.9542
2020-05-01,16.951,17.8551,16.9381,17.466
2020-05-02,17.4665,17.5711,17.2599,17.5333
2020-05-03,17.5337,17.81,16.8711,17.1071
2020-05-04,17.1027,17.3267,16.2556,17.0074
2020-05-05,17.012,17.2993,16.606,16.8886

===== Patch 57 =====
2020-05-06,16.8814,17.145,16.3018,16.3743
2020-05-07,16.3672,17.24,16.1218,17.0003
2020-05-08,17.0003,17.3977,16.823,17.1371
2020-05-09,17.1371,17.4926,16.733,16.7751
2020-05-10,16.7753,16.79,13.9129,15.3506
2020-05-11,15.3506,15.5468,14.01,15.0811
2020-05-12,15.0902,16.24,14.9586,15.7892
2020-05-13,15.7941,16.35,15.6785,16.2164
2020-05-14,16.2187,16.6982,16.0123,16.3777
2020-05-15,16.3722,16.4719,15.4606,15.7222
2020-05-16,15.7121,16.2367,15.58,16.058
2020-05-17,16.058,16.51,16.0014,16.2959
2020-05-18,16.2999,16.862,16.2511,16.6299
2020-05-19,16.6298,17.2488,16.3,17.2098
2020-05-20,17.2096,17.3396,16.4851,16.8998
2020-05-21,16.8994,17.0675,15.7218,16.0888

===== Patch 58 =====
2020-05-22,16.0888,16.924,15.9145,16.5864
2020-05-23,16.5884,16.85,16.3202,16.48
2020-05-24,16.4789,16.79,15.9074,15.9624
2020-05-25,15.9457,16.4161,15.8057,16.3807
2020-05-26,16.3807,16.4979,15.9537,16.2159
2020-05-27,16.2097,16.51,16.1554,16.47
2020-05-28,16.47,17.1405,16.389,17.0772
2020-05-29,17.0769,17.198,16.6333,17.0031
2020-05-30,17.003,17.7857,16.9291,17.7277
2020-05-31,17.7277,18.1954,16.8419,17.0916
2020-06-01,17.0926,18.1224,16.9836,17.9477
2020-06-02,17.9469,18.2,16.68,17.2669
2020-06-03,17.2761,17.6275,16.9645,17.5779
2020-06-04,17.578,17.6527,17.0424,17.517
2020-06-05,17.518,17.8999,17.4396,17.6914
2020-06-06,17.6915,17.7951,17.49,17.5511

===== Patch 59 =====
2020-06-07,17.551,17.6371,16.8526,17.4135
2020-06-08,17.4134,17.5454,17.2594,17.4489
2020-06-09,17.4489,17.5098,17.0374,17.3733
2020-06-10,17.3734,17.5833,17.13,17.406
2020-06-11,17.4084,17.5191,15.93,16.2298
2020-06-12,16.2376,16.7999,16.0869,16.6377
2020-06-13,16.642,16.8179,16.49,16.8101
2020-06-14,16.8111,16.8398,16.4023,16.5729
2020-06-15,16.5728,16.5982,15.4,16.377
2020-06-16,16.3758,16.6481,16.1562,16.4329
2020-06-17,16.4331,16.632,15.9709,16.3983
2020-06-18,16.3983,16.5423,15.8783,16.1608
2020-06-19,16.1665,16.3106,15.8966,15.9512
2020-06-20,15.9611,16.0898,15.7,16.059
2020-06-21,16.059,16.3358,15.921,15.9775
2020-06-22,15.9792,16.55,15.9499,16.5051

===== Patch 60 =====
2020-06-23,16.5051,16.5472,16.2602,16.3898
2020-06-24,16.3898,16.6481,15.95,15.9968
2020-06-25,16.0084,16.0816,15.5,15.906
2020-06-26,15.9056,15.9996,15.5715,15.7694
2020-06-27,15.7696,15.8714,14.8,15.1242
2020-06-28,15.123,15.4944,14.9249,15.3782
2020-06-29,15.3714,15.5901,15.204,15.4656
2020-06-30,15.4674,15.5476,15.2519,15.3838
2020-07-01,15.3959,15.8888,15.3363,15.8144
2020-07-02,15.8123,15.9796,15.0743,15.3634
2020-07-03,15.364,15.488,15.2484,15.2863
2020-07-04,15.2856,15.6399,15.2239,15.5548
2020-07-05,15.5579,15.6135,15.1,15.4885
2020-07-06,15.4865,16.3496,15.4401,16.311
2020-07-07,16.312,16.8757,16.0301,16.8048
2020-07-08,16.7995,17.455,16.5683,17.2819

===== Patch 61 =====
2020-07-09,17.2819,17.5,16.4088,16.8274
2020-07-10,16.8278,17.331,16.4438,17.3123
2020-07-11,17.3133,17.6888,17.018,17.6205
2020-07-12,17.6205,18.59,17.5928,18.2994
2020-07-13,18.3036,18.9999,17.7282,18.4046
2020-07-14,18.4007,18.77,17.8266,18.079
2020-07-15,18.079,18.1538,17.4194,17.6351
2020-07-16,17.6351,17.7618,16.5473,17.1647
2020-07-17,17.1647,17.4825,16.9354,17.0676
2020-07-18,17.0675,17.3247,16.8122,17.1507
2020-07-19,17.1542,18.098,16.89,18.0154
2020-07-20,18.0166,18.34,17.235,17.4645
2020-07-21,17.4645,17.9799,17.4,17.7285
2020-07-22,17.7268,18.1151,17.45,18.09
2020-07-23,18.095,18.77,18.043,18.75
2020-07-24,18.7508,19.55,18.235,19.1853

===== Patch 62 =====
2020-07-25,19.1878,20.0434,19.1451,19.8242
2020-07-26,19.8196,20.49,19.2639,19.5557
2020-07-27,19.5524,20.1999,18.4,19.7474
2020-07-28,19.7489,20.6834,19.4281,20.1732
2020-07-29,20.1692,20.4091,19.7404,19.899
2020-07-30,19.8926,20.0995,19.5111,19.97
2020-07-31,19.97,20.855,19.9102,20.6615
2020-08-01,20.6637,21.74,20.51,21.6168
2020-08-02,21.6204,22.1832,19.1,20.9898
2020-08-03,20.9899,22.5,20.7,22.0504
2020-08-04,22.0622,22.4433,21.41,22.2818
2020-08-05,22.2967,23.54,22.0566,23.2728
2020-08-06,23.2685,23.315,22.5,22.7487
2020-08-07,22.7488,22.9999,21.4515,22.3323
2020-08-08,22.3323,22.9241,21.8571,22.9234
2020-08-09,22.923,22.9233,22.0462,22.422

===== Patch 63 =====
2020-08-10,22.4224,22.77,22.0462,22.6369
2020-08-11,22.6369,22.7306,20.66,21.2902
2020-08-12,21.2993,21.982,20.571,21.4919
2020-08-13,21.4919,21.856,20.64,21.7667
2020-08-14,21.7751,23.3019,21.26,23.1047
2020-08-15,23.0966,23.7884,22.7,23.0881
2020-08-16,23.1045,23.779,22.7,23.529
2020-08-17,23.5291,23.91,22.9584,23.4961
2020-08-18,23.4868,23.78,22.333,22.9705
2020-08-19,22.9802,23.25,21.8219,22.3761
2020-08-20,22.3817,23.3,22.0265,23.0888
2020-08-21,23.0909,23.32,21.5,22.0988
2020-08-22,22.0994,22.2464,21.2814,22.2044
2020-08-23,22.201,22.2348,21.2841,21.8555
2020-08-24,21.8575,22.9746,21.6655,22.5953
2020-08-25,22.6016,22.6415,20.9805,21.3882

===== Patch 64 =====
2020-08-26,21.3881,22.4743,21.2651,22.1999
2020-08-27,22.2005,23.1507,21.8064,23.1127
2020-08-28,23.1127,23.5846,22.6158,23.0811
2020-08-29,23.0783,23.5,22.7416,22.9398
2020-08-30,22.9441,23.83,22.9,23.6208
2020-08-31,23.625,23.9,22.967,23.1477
2020-09-01,23.1481,25.41,22.84,24.7028
2020-09-02,24.7101,25.8262,23.1215,24.7652
2020-09-03,24.7653,25.54,19.8765,20.3592
2020-09-04,20.4027,21.83,19.2,20.9712
2020-09-05,20.9995,21.5539,18.011,19.4698
2020-09-06,19.4737,23.4418,18.5283,23.142
2020-09-07,23.1612,23.5545,20.0,22.4426
2020-09-08,22.4428,23.42,21.2739,23.2837
2020-09-09,23.2745,24.5201,22.4139,24.4716
2020-09-10,24.4847,25.67,24.0568,24.5489

===== Patch 65 =====
2020-09-11,24.5579,25.6969,23.0677,25.399
2020-09-12,25.4,28.5305,25.3575,28.505
2020-09-13,28.5044,32.4401,27.61,31.1656
2020-09-14,31.1656,33.3888,29.0,31.2523
2020-09-15,31.2546,31.278,26.7123,27.1181
2020-09-16,27.1148,28.4724,25.82,27.8695
2020-09-17,27.8539,28.83,26.05,27.095
2020-09-18,27.1106,28.75,26.5708,27.629
2020-09-19,27.6414,27.977,26.6591,27.2035
2020-09-20,27.2035,27.32,25.1247,26.316
2020-09-21,26.3167,26.68,22.1,23.1232
2020-09-22,23.1273,24.565,22.6666,24.0468
2020-09-23,24.0468,24.3437,22.4514,22.8331
2020-09-24,22.8448,24.6999,22.5661,24.5745
2020-09-25,24.5749,25.0799,23.7111,24.6924
2020-09-26,24.6925,26.4628,24.475,26.1998

===== Patch 66 =====
2020-09-27,26.1885,26.9,25.5012,26.251
2020-09-28,26.2435,27.72,25.8313,26.9855
2020-09-29,26.9969,29.0,26.86,28.8946
2020-09-30,28.8814,29.5646,27.8813,29.2656
2020-10-01,29.2696,29.3927,26.2111,27.4673
2020-10-02,27.4583,28.3633,25.6652,27.3369
2020-10-03,27.3338,28.3997,27.0701,28.1867
2020-10-04,28.1872,29.15,27.9658,28.9668
2020-10-05,28.9832,29.2665,28.0687,28.6158
2020-10-06,28.633,28.99,27.25,27.6812
2020-10-07,27.6907,27.8965,26.8401,27.6898
2020-10-08,27.6931,27.8153,26.4999,27.7424
2020-10-09,27.7342,28.5368,27.4548,28.4076
2020-10-10,28.398,29.2814,28.0666,28.4414
2020-10-11,28.41,28.72,27.876,28.5271
2020-10-12,28.52,31.1299,28.4338,30.6503

===== Patch 67 =====
2020-10-13,30.6503,31.7999,30.187,30.7256
2020-10-14,30.7256,31.33,30.3733,30.838
2020-10-15,30.838,31.6663,30.399,31.3256
2020-10-16,31.3256,31.9798,29.5705,30.0516
2020-10-17,30.051,30.564,29.6521,30.2414
2020-10-18,30.2423,31.0354,30.165,30.6593
2020-10-19,30.6568,30.6766,29.7002,29.9107
2020-10-20,29.9043,30.0892,28.5,28.8227
2020-10-21,28.8131,30.4074,28.6406,29.7329
2020-10-22,29.7355,31.3,29.6655,30.6396
2020-10-23,30.6334,31.2,30.0652,30.6377
2020-10-24,30.6461,30.8781,30.4243,30.6639
2020-10-25,30.6522,30.9726,29.8805,30.128
2020-10-26,30.1342,31.43,29.96,31.0467
2020-10-27,31.0436,32.3788,30.9,31.4826
2020-10-28,31.473,31.9375,29.8,30.3338

===== Patch 68 =====
2020-10-29,30.3295,30.4272,29.47,29.8702
2020-10-30,29.8696,30.2596,27.5111,28.4909
2020-10-31,28.4969,28.888,28.1132,28.5058
2020-11-01,28.5058,28.679,28.0,28.5318
2020-11-02,28.5485,29.3079,27.7782,27.7983
2020-11-03,27.7984,27.7984,25.7499,26.8638
2020-11-04,26.8722,26.97,25.9,26.96
2020-11-05,26.9607,27.8947,26.6601,27.6875
2020-11-06,27.686,29.4692,27.6668,29.0435
2020-11-07,29.0391,29.899,26.85,27.7651
2020-11-08,27.7628,28.6943,27.449,28.4101
2020-11-09,28.4101,28.9691,27.3461,28.0941
2020-11-10,28.0836,28.488,27.6114,28.2188
2020-11-11,28.2183,28.5999,27.7966,28.016
2020-11-12,28.0057,28.1599,27.3028,27.6874
2020-11-13,27.7019,28.5198,27.5284,28.1974

===== Patch 69 =====
2020-11-14,28.1974,28.1974,27.3684,27.9311
2020-11-15,27.9359,28.2332,27.07,27.6786
2020-11-16,27.6822,28.2202,27.4461,27.9451
2020-11-17,27.9588,28.8,27.9262,28.5552
2020-11-18,28.5552,28.838,27.5,28.0931
2020-11-19,28.1049,28.3666,27.6183,28.1387
2020-11-20,28.1266,29.3516,28.0598,28.9715
2020-11-21,28.9722,30.8,28.2955,30.5161
2020-11-22,30.5168,31.12,29.0,30.0226
2020-11-23,30.0291,31.1,29.786,30.995
2020-11-24,30.9994,35.14,30.7934,33.9407
2020-11-25,33.9451,35.4338,30.439,31.2953
2020-11-26,31.295,31.7708,26.35,28.2356
2020-11-27,28.2354,28.7175,27.2042,28.4606
2020-11-28,28.4606,29.6175,27.9,29.1766
2020-11-29,29.1552,30.45,28.8544,30.1045

===== Patch 70 =====
2020-11-30,30.1003,31.5999,29.723,31.4935
2020-12-01,31.4935,31.8875,29.17,30.1996
2020-12-02,30.2003,30.9993,29.5306,30.2875
2020-12-03,30.2724,30.793,29.8568,30.7065
2020-12-04,30.7099,31.1371,28.7051,29.0231
2020-12-05,29.0315,30.0588,28.6588,29.728
2020-12-06,29.7296,30.1819,29.0124,29.5026
2020-12-07,29.4912,29.6685,29.06,29.37
2020-12-08,29.3705,29.4998,27.45,27.6705
2020-12-09,27.6705,28.3853,26.9244,28.1452
2020-12-10,28.144,28.2997,27.39,27.6926
2020-12-11,27.695,27.77,26.7273,27.3419
2020-12-12,27.349,28.23,27.2542,28.1603
2020-12-13,28.1603,29.2628,28.0,29.1571
2020-12-14,29.1599,30.1884,28.6669,30.0338
2020-12-15,30.0338,30.379,29.3069,29.5053

===== Patch 71 =====
2020-12-16,29.5059,30.614,29.0265,30.5577
2020-12-17,30.5524,31.5489,29.6891,30.2255
2020-12-18,30.2254,31.2172,29.61,30.9882
2020-12-19,30.9858,34.2307,30.8812,33.3167
2020-12-20,33.3018,35.69,32.5899,34.3148
2020-12-21,34.3072,35.6,31.4871,32.05
2020-12-22,32.05,33.8,30.4719,33.5151
2020-12-23,33.5112,34.505,30.0,31.1843
2020-12-24,31.1698,32.7589,30.0,32.4895
2020-12-25,32.4947,33.4954,31.7313,33.1996
2020-12-26,33.1996,34.0495,32.51,33.6361
2020-12-27,33.651,34.99,31.8601,33.674
2020-12-28,33.6741,36.15,33.3105,35.951
2020-12-29,35.9507,39.9999,35.3015,39.0667
2020-12-30,39.0746,39.27,36.8131,38.1558
2020-12-31,38.1558,38.2133,36.5157,37.3588

===== Patch 72 =====
2021-01-01,37.3596,38.959,36.9555,37.7762
2021-01-02,37.7637,38.8798,36.8,38.2331
2021-01-03,38.2331,41.7017,37.763,41.2575
2021-01-04,41.256,43.2039,38.02,41.1333
2021-01-05,41.13,41.8375,38.8014,41.8219
2021-01-06,41.8271,42.267,40.4531,42.2417
2021-01-07,42.244,44.9,41.366,43.5728
2021-01-08,43.5728,43.722,40.2313,42.356
2021-01-09,42.345,44.0552,41.5,43.8479
2021-01-10,43.8479,45.162,40.0,42.4031
2021-01-11,42.4033,42.5094,35.0374,38.1674
2021-01-12,38.1623,40.1989,37.0,38.2541
2021-01-13,38.2703,40.4499,37.02,40.1114
2021-01-14,40.1114,42.0,39.5739,41.8723
2021-01-15,41.8721,42.5622,38.6616,40.8668
2021-01-16,40.8951,44.12,40.625,43.142

===== Patch 73 =====
2021-01-17,43.1413,46.7228,40.9192,45.8675
2021-01-18,45.8645,46.8888,44.0278,45.3412
2021-01-19,45.3592,47.2187,41.7,42.5241
2021-01-20,42.5241,43.0992,40.2,42.6069
2021-01-21,42.6056,42.7176,38.2,38.6343
2021-01-22,38.6596,41.528,36.8518,40.8936
2021-01-23,40.8938,41.88,39.4555,40.9109
2021-01-24,40.9113,42.2,40.3144,41.8263
2021-01-25,41.827,43.4241,40.5364,41.8347
2021-01-26,41.8347,42.598,39.6955,41.8396
2021-01-27,41.8397,42.0984,39.6102,40.8826
2021-01-28,40.8957,43.085,40.317,42.5254
2021-01-29,42.5277,44.0,41.8017,42.8618
2021-01-30,42.8653,45.1071,42.5911,44.7849
2021-01-31,44.8022,45.8269,43.3,44.3292
2021-02-01,44.3291,52.3736,43.4331,51.4781

===== Patch 74 =====
2021-02-02,51.4762,53.0,49.1572,51.0071
2021-02-03,51.029,52.7,49.7823,52.12
2021-02-04,52.12,57.0547,51.25,55.9599
2021-02-05,55.9593,68.73,55.9202,67.7005
2021-02-06,67.6217,75.5,61.7,72.8356
2021-02-07,72.8693,74.8199,64.1803,68.3542
2021-02-08,68.355,79.8823,67.6152,79.8374
2021-02-09,79.8734,116.24,78.0381,107.3469
2021-02-10,107.3496,148.4,107.2811,128.9711
2021-02-11,128.9463,132.8,117.7289,124.085
2021-02-12,124.1129,141.32,120.89,136.6139
2021-02-13,136.7321,138.5067,125.0,133.3496
2021-02-14,133.3498,139.0,128.4615,135.8623
2021-02-15,135.8623,139.369,118.0,130.303
2021-02-16,129.9493,133.4925,126.0,130.183
2021-02-17,130.183,175.9997,126.7546,165.3233

===== Patch 75 =====
2021-02-18,165.3176,199.88,162.7969,195.6
2021-02-19,195.5549,348.6969,194.9279,333.111
2021-02-20,333.2212,335.0,223.0,253.0
2021-02-21,253.01,309.4995,249.7044,295.2597
2021-02-22,294.9167,296.0,220.5,267.5147
2021-02-23,267.1721,269.444,186.1,231.3646
2021-02-24,231.3646,281.0,213.0257,254.5056
2021-02-25,254.3826,265.4014,231.5,234.9146
2021-02-26,234.7605,239.4,209.105,221.717
2021-02-27,221.9592,237.77,219.011,225.3853
2021-02-28,225.4567,229.4,195.0,210.2138
2021-03-01,210.1177,260.0,209.1204,254.9637
2021-03-02,254.9486,264.9,227.0,239.6841
2021-03-03,239.7204,254.8481,236.002,240.5701
2021-03-04,240.4801,249.9885,225.5308,229.6369
2021-03-05,229.6369,232.2,215.6439,225.4714

===== Patch 76 =====
2021-03-06,225.5391,232.4996,219.1514,226.3814
2021-03-07,226.3812,243.95,224.9542,240.11
2021-03-08,240.1039,243.0986,228.7029,240.5509
2021-03-09,240.7852,297.2962,235.6001,293.2052
2021-03-10,293.1305,295.5,263.8184,278.4499
2021-03-11,278.3522,315.2855,272.12,290.0301
2021-03-12,289.786,290.5,247.5547,263.2201
2021-03-13,263.192,284.2857,255.4206,276.2822
2021-03-14,276.2892,276.8847,263.0003,263.238
2021-03-15,263.35,267.7453,249.5327,254.5144
2021-03-16,254.3894,259.7847,240.199,258.5352
2021-03-17,258.5611,272.1787,248.2001,269.7896
2021-03-18,269.8578,277.8,257.01,261.4816
2021-03-19,261.5157,269.0,255.0,262.935
2021-03-20,263.1083,274.6805,261.4,264.3023
2021-03-21,264.2213,268.0305,257.0001,264.6513

===== Patch 77 =====
2021-03-22,264.7152,277.0,252.9164,254.7976
2021-03-23,254.9689,262.97,251.838,255.4646
2021-03-24,255.5191,268.7062,240.3333,248.5236
2021-03-25,248.5345,250.0912,224.9686,233.9466
2021-03-26,234.0024,255.2113,233.8114,255.2105
2021-03-27,255.1201,276.0,249.5001,269.2234
2021-03-28,269.2864,281.3939,261.0,268.4263
2021-03-29,268.6234,277.9813,264.4585,275.2991
2021-03-30,275.2986,311.5325,271.2857,311.2962
2021-03-31,311.2962,316.6997,284.0,302.3724
2021-04-01,302.4591,339.0,300.7,334.7991
2021-04-02,334.6706,356.9882,324.6162,338.2932
2021-04-03,338.2932,349.1347,315.91,321.9497
2021-04-04,321.9597,352.3275,316.0,348.8617
2021-04-05,348.8705,380.0,335.8442,368.0263
2021-04-06,368.1506,411.755,363.8333,403.3648

===== Patch 78 =====
2021-04-07,403.2607,414.3803,356.0,375.5538
2021-04-08,375.5538,422.6323,371.78,418.7048
2021-04-09,418.7047,453.9937,403.19,453.9937
2021-04-10,453.9898,487.4062,450.0,471.2975
2021-04-11,471.2974,529.211,458.0165,525.9275
2021-04-12,525.9275,638.5673,515.1,596.7104
2021-04-13,596.7878,602.7871,530.2288,551.6442
2021-04-14,551.3956,590.5369,521.1313,550.0182
2021-04-15,550.0182,556.9,533.7166,541.8824
2021-04-16,541.8351,547.6074,489.7356,508.2743
2021-04-17,508.2614,547.95,506.0,514.6861
2021-04-18,514.8178,520.4237,428.0,481.4367
2021-04-19,481.5112,540.0,467.8846,504.0322
2021-04-20,504.0322,589.5,470.207,586.3635
2021-04-21,586.5201,613.8975,535.9186,543.6327
2021-04-22,543.6827,582.7051,480.0,505.2411

===== Patch 79 =====
2021-04-23,505.2282,530.0,450.0,526.5357
2021-04-24,526.4319,528.8088,482.3052,496.992
2021-04-25,496.992,517.74,478.01,505.0
2021-04-26,505.0,550.0,501.5,535.33
2021-04-27,535.33,579.5,525.0,568.78
2021-04-28,568.78,578.88,538.0,562.78
2021-04-29,562.78,615.29,554.0,599.7
2021-04-30,599.66,628.0,585.72,622.65
2021-05-01,622.64,645.57,609.21,620.0
2021-05-02,620.0,629.0,595.3,621.78
2021-05-03,621.77,680.0,621.22,676.15
2021-05-04,676.15,677.71,604.14,609.3
2021-05-05,609.41,656.67,605.0,651.1
2021-05-06,651.1,653.77,620.0,633.99
2021-05-07,634.03,644.02,611.43,624.3
2021-05-08,624.3,657.91,618.36,646.1

===== Patch 80 =====
2021-05-09,646.07,679.0,630.54,661.74
2021-05-10,661.74,691.77,588.0,631.1
2021-05-11,631.16,673.0,621.11,671.91
2021-05-12,671.9,684.91,581.4,594.65
2021-05-13,594.2,633.5,526.6,571.1
2021-05-14,571.1,615.0,566.0,602.61
2021-05-15,602.61,611.31,560.0,563.41
2021-05-16,563.42,606.78,534.88,564.32
2021-05-17,564.66,564.66,483.0,512.07
2021-05-18,512.06,534.0,490.0,507.88
2021-05-19,507.9,516.5,280.0,334.8
2021-05-20,334.8,423.83,284.27,391.17
2021-05-21,391.37,415.71,274.0,326.01
2021-05-22,326.23,335.82,284.55,299.76
2021-05-23,299.75,313.45,211.7,260.72
2021-05-24,260.72,350.0,257.4,345.64

===== Patch 81 =====
2021-05-25,345.64,378.12,306.61,343.18
2021-05-26,343.18,388.28,336.21,379.16
2021-05-27,379.16,387.56,340.0,369.67
2021-05-28,369.83,373.68,312.3,328.82
2021-05-29,328.86,347.0,295.22,305.04
2021-05-30,305.18,338.32,291.06,325.57
2021-05-31,325.55,356.0,307.55,353.33
2021-06-01,353.37,364.4,339.48,362.39
2021-06-02,362.36,419.43,350.43,401.54
2021-06-03,401.52,433.0,391.32,428.48
2021-06-04,428.46,429.5,365.0,390.7
2021-06-05,390.68,426.0,373.8,390.08
2021-06-06,390.05,400.29,381.5,393.73
2021-06-07,393.82,407.42,353.53,357.96
2021-06-08,357.94,366.33,319.18,352.5
2021-06-09,352.5,378.77,333.56,375.54

===== Patch 82 =====
2021-06-10,375.56,377.55,344.13,351.94
2021-06-11,351.96,366.28,340.84,345.75
2021-06-12,345.76,348.88,325.3,343.7
2021-06-13,343.68,369.0,330.48,365.8
2021-06-14,365.81,377.33,355.07,370.19
2021-06-15,370.2,379.58,363.23,366.48
2021-06-16,366.48,366.77,343.35,347.22
2021-06-17,347.22,362.47,345.85,352.85
2021-06-18,352.84,357.12,327.22,337.16
2021-06-19,337.21,345.0,331.11,334.01
2021-06-20,334.03,340.57,310.13,339.08
2021-06-21,339.09,342.0,268.57,270.76
2021-06-22,270.76,291.5,225.42,262.1
2021-06-23,262.1,309.75,251.41,296.25
2021-06-24,296.17,316.49,281.5,308.62
2021-06-25,308.6,314.84,275.24,280.81

===== Patch 83 =====
2021-06-26,280.89,290.33,264.26,279.65
2021-06-27,279.58,291.7,269.72,290.87
2021-06-28,290.89,299.96,283.55,290.0
2021-06-29,290.0,315.6,289.19,300.79
2021-06-30,300.79,304.88,281.53,303.71
2021-07-01,303.75,304.0,281.0,287.43
2021-07-02,287.49,290.74,276.4,287.17
2021-07-03,287.17,303.21,282.77,298.13
2021-07-04,298.18,314.91,292.58,307.62
2021-07-05,307.63,307.68,291.0,302.02
2021-07-06,302.04,322.5,301.8,319.92
2021-07-07,319.91,340.0,318.23,327.51
2021-07-08,327.51,328.21,304.4,310.14
2021-07-09,310.08,319.69,301.43,317.09
2021-07-10,317.09,321.44,310.57,316.12
2021-07-11,316.12,326.82,312.21,322.16

===== Patch 84 =====
2021-07-12,322.17,334.37,308.57,316.12
2021-07-13,316.11,318.33,305.2,308.94
2021-07-14,308.98,313.46,290.24,309.4
2021-07-15,309.33,324.33,301.32,316.11
2021-07-16,316.12,323.5,301.5,302.88
2021-07-17,302.94,306.71,295.0,300.52
2021-07-18,300.56,309.18,298.7,302.1
2021-07-19,302.04,303.94,278.85,280.54
2021-07-20,280.54,283.6,254.52,264.44
2021-07-21,264.43,298.92,261.02,293.26
2021-07-22,293.27,298.44,287.3,293.36
2021-07-23,293.39,301.5,281.01,299.27
2021-07-24,299.29,307.79,295.43,301.56
2021-07-25,301.53,304.44,292.34,302.56
2021-07-26,302.56,328.0,301.0,304.0
2021-07-27,304.0,318.41,297.61,313.48

===== Patch 85 =====
2021-07-28,313.47,318.68,308.0,313.8
2021-07-29,313.84,320.31,308.6,317.03
2021-07-30,317.1,325.66,306.16,322.58
2021-07-31,322.58,338.44,317.21,332.38
2021-08-01,332.38,347.8,328.99,332.59
2021-08-02,332.63,338.29,326.17,330.55
2021-08-03,330.53,334.73,317.02,323.43
2021-08-04,323.44,337.39,319.78,334.77
2021-08-05,334.78,340.17,323.37,337.91
2021-08-06,337.92,347.14,331.12,342.39
2021-08-07,342.39,359.74,340.34,356.18
2021-08-08,356.18,359.87,337.0,341.79
2021-08-09,341.79,357.7,333.15,354.32
2021-08-10,354.32,376.6,348.0,371.92
2021-08-11,371.95,408.72,371.09,390.96
2021-08-12,390.92,406.18,371.59,385.66

===== Patch 86 =====
2021-08-13,385.69,411.46,382.91,410.76
2021-08-14,410.74,418.8,400.0,408.67
2021-08-15,408.66,415.16,395.88,414.05
2021-08-16,414.05,437.0,410.79,415.72
2021-08-17,415.72,435.77,398.77,401.8
2021-08-18,401.86,412.36,385.47,396.15
2021-08-19,396.23,431.7,390.89,431.27
2021-08-20,431.21,458.0,421.84,454.93
2021-08-21,454.92,460.0,443.47,448.74
2021-08-22,448.74,458.34,437.77,448.68
2021-08-23,448.69,509.71,445.89,499.06
2021-08-24,499.06,504.2,461.12,471.62
2021-08-25,471.62,507.0,470.0,503.19
2021-08-26,503.17,518.94,471.2,478.1
2021-08-27,478.2,495.0,467.1,494.5
2021-08-28,494.6,497.0,482.3,486.2

===== Patch 87 =====
2021-08-29,486.1,495.5,475.0,479.7
2021-08-30,479.7,480.9,457.0,460.3
2021-08-31,460.2,477.8,448.2,463.9
2021-09-01,463.9,490.0,455.1,489.4
2021-09-02,489.5,504.7,478.0,483.7
2021-09-03,483.6,495.0,473.0,488.5
2021-09-04,488.4,509.9,485.2,497.7
2021-09-05,497.8,505.2,488.4,504.8
2021-09-06,504.9,509.0,486.9,496.1
2021-09-07,496.1,504.8,369.0,418.7
2021-09-08,418.7,425.5,382.3,415.0
2021-09-09,415.2,436.1,403.4,421.3
2021-09-10,421.3,439.4,393.2,401.4
2021-09-11,401.4,415.3,399.3,405.1
2021-09-12,405.0,421.5,397.4,416.3
2021-09-13,416.4,419.7,383.0,399.1

===== Patch 88 =====
2021-09-14,399.1,414.7,395.7,414.3
2021-09-15,414.3,438.0,409.6,431.3
2021-09-16,431.2,435.0,415.6,424.3
2021-09-17,424.2,426.0,400.4,406.6
2021-09-18,406.8,420.0,401.5,410.7
2021-09-19,410.8,419.0,402.8,408.6
2021-09-20,408.5,410.1,353.7,364.1
2021-09-21,364.1,376.0,336.8,344.4
2021-09-22,344.4,379.9,342.3,379.0
2021-09-23,378.9,384.6,369.0,383.5
2021-09-24,383.5,385.3,333.6,355.0
2021-09-25,355.0,360.8,343.2,349.6
2021-09-26,349.6,353.0,320.0,344.0
2021-09-27,344.0,357.6,335.0,335.5
2021-09-28,335.5,344.6,330.0,333.0
2021-09-29,332.9,375.4,331.2,367.7

===== Patch 89 =====
2021-09-30,367.7,388.8,366.4,387.5
2021-10-01,387.5,423.4,381.5,421.5
2021-10-02,421.4,438.2,410.6,427.1
2021-10-03,427.0,437.2,421.5,430.5
2021-10-04,430.5,430.9,410.9,426.3
2021-10-05,426.4,444.0,424.0,442.1
2021-10-06,442.0,442.8,414.7,434.9
2021-10-07,434.9,450.0,423.6,438.5
2021-10-08,438.5,441.6,415.7,419.2
2021-10-09,419.3,426.0,416.0,421.9
2021-10-10,421.9,422.3,402.0,404.1
2021-10-11,404.0,424.0,399.8,413.1
2021-10-12,413.2,444.5,392.2,444.2
2021-10-13,444.1,471.8,432.3,470.8
2021-10-14,470.7,482.8,461.2,472.7
2021-10-15,472.7,478.0,450.8,474.5

===== Patch 90 =====
2021-10-16,474.5,484.7,423.0,465.8
2021-10-17,465.8,472.4,454.2,470.9
2021-10-18,471.0,487.6,466.4,484.9
2021-10-19,485.0,497.6,480.3,488.1
2021-10-20,488.1,505.9,481.3,501.3
2021-10-21,501.3,504.9,466.0,470.9
2021-10-22,470.9,498.0,470.7,479.3
2021-10-23,479.3,485.7,472.6,485.5
2021-10-24,485.5,486.5,467.8,475.8
2021-10-25,475.8,488.6,474.7,485.1
2021-10-26,485.1,489.8,473.5,478.1
2021-10-27,478.2,486.4,435.3,448.7
2021-10-28,448.7,494.8,446.4,491.9
2021-10-29,492.0,533.61,487.6,530.3
2021-10-30,530.3,540.5,510.2,528.3
2021-10-31,528.4,535.0,508.9,524.6

===== Patch 91 =====
2021-11-01,524.6,551.9,511.0,551.3
2021-11-02,551.3,564.0,537.4,554.4
2021-11-03,554.4,570.1,537.5,568.4
2021-11-04,568.4,568.9,543.6,558.7
2021-11-05,558.8,616.9,554.1,607.3
2021-11-06,607.3,637.8,595.1,637.7
2021-11-07,637.7,669.3,630.5,649.6
2021-11-08,649.5,655.7,631.0,653.5
2021-11-09,653.6,656.7,631.9,635.0
2021-11-10,635.0,662.9,573.0,614.1
2021-11-11,614.2,635.2,605.7,628.4
2021-11-12,628.4,634.5,602.7,626.9
2021-11-13,626.8,655.0,619.6,649.5
2021-11-14,649.5,661.0,634.5,650.8
2021-11-15,650.7,659.5,630.3,633.8
2021-11-16,633.9,635.2,573.7,588.7

===== Patch 92 =====
2021-11-17,588.8,592.6,553.7,578.0
2021-11-18,577.9,588.2,510.0,531.8
2021-11-19,531.9,585.5,523.9,581.0
2021-11-20,581.0,604.8,572.6,604.3
2021-11-21,604.4,605.2,579.6,584.0
2021-11-22,584.0,585.5,553.8,559.3
2021-11-23,559.4,605.0,557.9,591.1
2021-11-24,591.1,594.3,576.8,590.3
2021-11-25,590.4,650.0,587.4,639.1
2021-11-26,639.1,657.9,564.2,587.3
2021-11-27,587.2,621.3,582.6,599.9
2021-11-28,599.9,612.9,571.6,611.3
2021-11-29,611.4,629.0,601.6,623.4
2021-11-30,623.5,635.0,602.6,622.5
2021-12-01,622.5,649.8,618.2,627.5
2021-12-02,627.5,630.9,605.5,619.9

===== Patch 93 =====
2021-12-03,619.9,628.0,574.0,595.0
2021-12-04,595.1,596.0,489.2,568.6
2021-12-05,568.5,582.0,539.9,557.8
2021-12-06,557.7,593.0,533.0,587.5
2021-12-07,587.5,594.1,572.2,578.7
2021-12-08,578.7,607.6,567.0,607.2
2021-12-09,607.3,617.0,567.7,570.2
2021-12-10,570.2,595.1,550.2,552.4
2021-12-11,552.5,572.7,542.0,564.5
2021-12-12,564.6,574.8,559.3,570.3
2021-12-13,570.3,572.2,511.1,521.0
2021-12-14,521.0,535.8,509.7,528.1
2021-12-15,528.0,546.7,501.6,541.1
2021-12-16,541.1,545.3,524.8,526.2
2021-12-17,526.2,535.8,511.0,525.5
2021-12-18,525.5,537.8,515.0,533.9

===== Patch 94 =====
2021-12-19,533.9,544.4,527.1,529.8
2021-12-20,529.8,534.8,505.6,524.0
2021-12-21,524.0,535.7,509.8,528.3
2021-12-22,528.4,545.0,527.2,533.6
2021-12-23,533.6,552.6,524.3,549.0
2021-12-24,549.0,554.4,537.4,542.1
2021-12-25,542.1,550.5,539.1,547.4
2021-12-26,547.4,549.3,535.6,546.4
2021-12-27,546.5,572.0,543.1,563.7
2021-12-28,563.7,563.7,528.4,534.2
2021-12-29,534.2,540.5,510.3,514.5
2021-12-30,514.5,527.8,508.3,518.5
2021-12-31,518.6,528.3,506.0,511.4
2022-01-01,511.5,527.9,511.4,527.3
2022-01-02,527.4,533.9,518.0,531.0
2022-01-03,531.0,532.8,510.0,511.9

===== Patch 95 =====
2022-01-04,511.9,520.0,502.0,506.9
2022-01-05,506.9,516.0,457.0,474.1
2022-01-06,474.2,481.3,458.8,472.6
2022-01-07,472.6,473.9,437.5,448.1
2022-01-08,448.1,459.7,415.0,429.9
2022-01-09,429.8,444.5,427.0,438.7
2022-01-10,438.8,445.5,405.6,424.7
2022-01-11,424.8,467.7,421.3,463.6
2022-01-12,463.6,489.9,456.6,487.8
2022-01-13,487.8,489.8,466.5,475.2
2022-01-14,475.1,492.3,467.6,490.0
2022-01-15,489.9,500.9,485.0,494.5
2022-01-16,494.5,506.0,488.6,498.6
2022-01-17,498.6,499.1,466.9,475.2
2022-01-18,475.1,479.6,457.2,471.4
2022-01-19,471.5,473.1,453.7,461.9

===== Patch 96 =====
2022-01-20,461.9,478.7,438.2,440.2
2022-01-21,440.2,444.6,373.7,383.9
2022-01-22,383.8,389.6,336.3,358.3
2022-01-23,358.3,389.0,356.3,383.9
2022-01-24,384.0,384.0,336.0,371.3
2022-01-25,371.2,389.5,357.4,385.1
2022-01-26,385.1,402.4,366.4,375.1
2022-01-27,375.1,393.8,360.0,389.9
2022-01-28,389.9,395.9,375.8,385.9
2022-01-29,385.9,397.3,380.7,389.3
2022-01-30,389.4,389.6,372.2,377.2
2022-01-31,377.2,385.4,365.2,374.3
2022-02-01,374.4,388.4,373.7,384.2
2022-02-02,384.1,386.1,366.1,366.9
2022-02-03,367.1,372.4,359.6,372.3
2022-02-04,372.2,399.7,369.5,399.5

===== Patch 97 =====
2022-02-05,399.6,431.0,396.3,413.7
2022-02-06,413.8,422.5,407.0,419.9
2022-02-07,419.9,439.0,413.3,433.5
2022-02-08,433.5,445.4,406.2,407.8
2022-02-09,407.9,427.7,407.1,422.9
2022-02-10,422.9,434.9,410.0,414.7
2022-02-11,414.7,418.9,390.5,400.0
2022-02-12,400.0,407.1,393.3,403.6
2022-02-13,403.6,407.8,394.7,397.9
2022-02-14,398.0,404.5,390.6,403.4
2022-02-15,403.4,443.0,402.7,432.4
2022-02-16,432.4,433.5,422.2,427.3
2022-02-17,427.3,431.1,400.0,402.4
2022-02-18,402.4,411.0,392.2,399.2
2022-02-19,399.2,406.4,393.0,399.8
2022-02-20,399.8,400.0,375.0,380.6

===== Patch 98 =====
2022-02-21,380.7,393.7,355.0,356.6
2022-02-22,356.7,375.4,348.7,374.3
2022-02-23,374.3,384.2,365.3,365.6
2022-02-24,365.6,371.3,323.5,361.2
2022-02-25,361.2,377.2,356.8,375.0
2022-02-26,375.0,386.1,370.5,373.7
2022-02-27,373.7,381.2,358.1,360.1
2022-02-28,360.1,397.2,355.8,395.6
2022-03-01,395.7,424.9,390.4,408.7
2022-03-02,408.7,415.7,403.8,409.3
2022-03-03,409.3,413.2,397.4,402.6
2022-03-04,402.6,403.5,372.0,374.2
2022-03-05,374.1,387.3,367.2,384.7
2022-03-06,384.8,387.3,371.6,375.0
2022-03-07,375.0,385.9,362.8,380.6
2022-03-08,380.6,388.7,375.3,381.4

===== Patch 99 =====
2022-03-09,381.4,402.7,381.0,393.2
2022-03-10,393.2,394.5,363.0,372.0
2022-03-11,372.1,380.0,364.7,371.9
2022-03-12,371.9,379.2,371.1,372.4
2022-03-13,372.4,377.2,360.1,361.4
2022-03-14,361.4,373.9,359.5,373.4
2022-03-15,373.4,374.7,361.7,371.7
2022-03-16,371.7,386.6,367.8,385.4
2022-03-17,385.3,393.5,381.7,391.8
2022-03-18,391.9,400.0,384.0,397.2
2022-03-19,397.2,406.4,394.9,399.9
2022-03-20,399.9,400.8,386.2,390.8
2022-03-21,390.8,399.5,384.8,396.0
2022-03-22,396.0,410.0,394.8,404.3
2022-03-23,404.3,411.7,397.9,408.4
2022-03-24,408.4,416.6,405.0,414.2

===== Patch 100 =====
2022-03-25,414.2,421.5,405.5,410.3
2022-03-26,410.3,416.4,407.5,415.8
2022-03-27,415.9,431.6,411.7,430.5
2022-03-28,430.6,441.0,427.6,430.2
2022-03-29,430.2,441.6,429.4,434.2
2022-03-30,434.2,449.3,425.5,442.1
2022-03-31,442.1,452.3,423.9,428.9
2022-04-01,428.9,448.2,412.8,447.7
2022-04-02,447.8,454.2,435.7,437.2
2022-04-03,437.3,455.7,432.2,450.4
2022-04-04,450.4,450.5,433.4,447.6
2022-04-05,447.6,460.0,444.1,444.7
2022-04-06,444.7,448.6,418.3,420.1
2022-04-07,420.1,450.0,416.2,436.0
2022-04-08,436.1,442.0,418.4,421.5
2022-04-09,421.5,428.2,419.6,426.6

===== Patch 101 =====
2022-04-10,426.6,429.5,417.0,418.1
2022-04-11,418.1,419.7,391.2,394.6
2022-04-12,394.6,417.1,392.4,413.6
2022-04-13,413.7,424.6,410.3,423.4
2022-04-14,423.4,426.9,411.3,414.7
2022-04-15,414.7,420.0,412.5,417.3
2022-04-16,417.3,419.0,411.6,417.3
2022-04-17,417.3,418.2,405.5,406.6
2022-04-18,406.7,418.0,396.2,416.8
2022-04-19,416.9,424.7,414.6,422.3
2022-04-20,422.3,431.4,414.9,418.4
2022-04-21,418.4,426.0,401.2,404.9
2022-04-22,404.9,413.9,403.3,406.6
2022-04-23,406.6,408.1,397.3,401.1
2022-04-24,401.2,405.5,397.1,398.8
2022-04-25,398.8,405.7,382.3,404.3

===== Patch 102 =====
2022-04-26,404.4,407.5,380.8,385.9
2022-04-27,386.0,394.8,383.3,391.3
2022-04-28,391.4,408.6,388.5,407.1
2022-04-29,407.2,410.7,389.7,393.0
2022-04-30,393.0,399.9,376.3,377.1
2022-05-01,377.1,391.4,375.5,389.9
2022-05-02,389.9,392.6,382.1,389.5
2022-05-03,389.5,392.3,379.8,383.9
2022-05-04,383.9,403.1,382.7,402.6
2022-05-05,402.6,413.6,370.7,378.4
2022-05-06,378.5,383.3,370.6,379.1
2022-05-07,379.1,380.6,360.1,365.5
2022-05-08,365.5,367.0,349.5,355.9
2022-05-09,355.9,359.3,295.4,296.1
2022-05-10,296.1,332.8,289.0,319.1
2022-05-11,319.1,323.0,260.8,271.5

===== Patch 103 =====
2022-05-12,271.4,285.0,218.8,269.0
2022-05-13,269.0,313.5,265.4,290.6
2022-05-14,290.7,299.5,272.1,296.9
2022-05-15,296.9,312.6,285.7,312.4
2022-05-16,312.4,312.5,290.3,297.2
2022-05-17,297.3,310.7,295.8,306.2
2022-05-18,306.2,308.6,286.8,287.7
2022-05-19,287.8,308.9,286.8,307.1
2022-05-20,307.1,316.1,294.1,302.2
2022-05-21,302.3,314.2,299.3,312.4
2022-05-22,312.5,323.7,311.5,319.4
2022-05-23,319.3,337.0,315.3,317.2
2022-05-24,317.1,330.4,312.1,328.3
2022-05-25,328.3,337.9,324.0,325.7
2022-05-26,325.7,331.8,296.7,303.0
2022-05-27,303.0,309.8,290.6,301.6

===== Patch 104 =====
2022-05-28,301.5,310.5,296.9,307.5
2022-05-29,307.6,308.2,298.6,305.8
2022-05-30,305.9,324.0,303.9,321.8
2022-05-31,321.8,324.8,313.5,320.9
2022-06-01,321.0,324.5,297.6,300.4
2022-06-02,300.5,309.2,298.2,308.3
2022-06-03,308.4,310.3,293.3,298.6
2022-06-04,298.6,302.9,294.8,301.3
2022-06-05,301.4,302.5,295.0,299.1
2022-06-06,299.1,312.3,288.0,295.1
2022-06-07,295.1,295.9,273.5,290.3
2022-06-08,290.3,294.6,283.9,288.5
2022-06-09,288.5,293.4,286.3,289.9
2022-06-10,289.9,298.9,283.2,286.4
2022-06-11,286.4,290.6,265.2,269.9
2022-06-12,269.9,272.0,251.1,254.8

===== Patch 105 =====
2022-06-13,254.8,257.8,213.2,223.0
2022-06-14,222.9,231.4,204.1,223.0
2022-06-15,223.1,234.7,198.4,233.6
2022-06-16,233.6,237.2,207.7,210.2
2022-06-17,210.3,222.1,207.7,215.8
2022-06-18,215.8,219.0,183.4,197.0
2022-06-19,197.0,217.0,189.7,215.1
2022-06-20,215.1,219.8,204.8,216.5
2022-06-21,216.5,228.4,213.1,220.1
2022-06-22,220.2,221.0,211.2,214.4
2022-06-23,214.4,231.7,214.0,228.9
2022-06-24,229.0,243.3,228.3,240.2
2022-06-25,240.3,242.1,229.7,239.7
2022-06-26,239.7,245.2,233.2,233.9
2022-06-27,234.0,241.0,230.0,233.8
2022-06-28,233.9,242.8,225.9,226.9

===== Patch 106 =====
2022-06-29,227.0,229.8,215.4,219.7
2022-06-30,219.7,220.3,205.4,219.6
2022-07-01,219.6,226.8,213.5,216.9
2022-07-02,216.9,219.7,213.8,218.3
2022-07-03,218.4,220.1,213.9,219.2
2022-07-04,219.2,232.2,214.8,231.5
2022-07-05,231.6,236.6,222.9,230.8
2022-07-06,230.8,240.0,229.0,238.6
2022-07-07,238.6,243.8,230.0,241.4
2022-07-08,241.4,247.7,237.0,240.7
2022-07-09,240.7,245.0,240.4,243.3
2022-07-10,243.3,243.5,231.7,234.7
2022-07-11,234.7,235.0,225.1,225.6
2022-07-12,225.7,228.3,220.2,220.6
2022-07-13,220.6,231.3,216.4,230.5
2022-07-14,230.5,240.0,227.1,238.5

===== Patch 107 =====
2022-07-15,238.6,242.7,235.4,238.5
2022-07-16,238.6,251.5,233.9,249.8
2022-07-17,249.8,256.1,246.4,247.8
2022-07-18,247.8,265.6,247.6,264.1
2022-07-19,264.1,274.8,255.8,268.6
2022-07-20,268.6,272.0,256.4,258.2
2022-07-21,258.3,266.0,250.7,265.6
2022-07-22,265.6,271.4,261.1,262.4
2022-07-23,262.5,272.6,252.7,259.2
2022-07-24,259.2,266.2,257.1,261.4
2022-07-25,261.4,262.7,243.8,244.6
2022-07-26,244.7,249.6,239.6,249.4
2022-07-27,249.5,272.0,247.5,271.6
2022-07-28,271.6,280.8,263.6,277.2
2022-07-29,277.2,302.0,274.8,293.6
2022-07-30,293.6,300.2,285.1,287.8

===== Patch 108 =====
2022-07-31,287.8,297.1,282.1,283.4
2022-08-01,283.5,290.5,277.9,283.2
2022-08-02,283.3,291.1,274.2,283.8
2022-08-03,283.8,305.7,278.2,297.5
2022-08-04,297.6,313.4,297.2,311.8
2022-08-05,311.9,321.5,308.1,315.9
2022-08-06,315.9,322.9,312.6,315.2
2022-08-07,315.3,325.9,308.2,322.8
2022-08-08,322.7,334.0,320.8,324.9
2022-08-09,324.9,328.3,312.4,324.4
2022-08-10,324.5,336.8,313.6,328.8
2022-08-11,328.8,334.7,322.0,323.6
2022-08-12,323.5,328.1,317.7,327.9
2022-08-13,327.9,333.0,322.8,324.3
2022-08-14,324.3,331.0,315.8,317.6
2022-08-15,317.6,327.4,313.6,319.5

===== Patch 109 =====
2022-08-16,319.4,322.4,312.0,316.1
2022-08-17,316.0,324.0,304.2,306.9
2022-08-18,306.8,311.0,295.8,298.1
2022-08-19,298.1,298.2,276.2,279.1
2022-08-20,279.0,289.4,277.0,283.7
2022-08-21,283.8,304.2,283.4,301.9
2022-08-22,301.9,304.9,288.8,300.0
2022-08-23,300.0,301.7,293.8,299.3
2022-08-24,299.3,300.5,294.3,296.4
2022-08-25,296.4,307.5,296.0,301.2
2022-08-26,301.2,302.3,277.2,279.6
2022-08-27,279.6,284.8,273.3,277.9
2022-08-28,277.9,284.1,275.6,276.5
2022-08-29,276.5,286.7,272.3,285.9
2022-08-30,285.9,292.0,276.1,281.6
2022-08-31,281.7,290.0,277.7,279.2

===== Patch 110 =====
2022-09-01,279.3,280.3,270.7,278.3
2022-09-02,278.3,283.4,273.7,277.5
2022-09-03,277.4,278.8,274.2,277.8
2022-09-04,277.8,280.6,275.0,279.1
2022-09-05,279.1,282.0,273.4,276.9
2022-09-06,276.9,286.3,261.0,262.5
2022-09-07,262.5,280.4,258.6,278.9
2022-09-08,279.0,282.9,275.4,280.5
2022-09-09,280.6,295.9,280.0,293.4
2022-09-10,293.4,298.6,290.3,296.7
2022-09-11,296.7,298.1,289.7,295.3
2022-09-12,295.3,300.0,290.8,294.1
2022-09-13,294.1,298.6,275.4,277.4
2022-09-14,277.5,282.8,273.3,279.3
2022-09-15,279.4,280.5,266.3,271.1
2022-09-16,271.1,276.6,268.5,274.9

===== Patch 111 =====
2022-09-17,274.9,279.9,274.7,279.1
2022-09-18,279.1,280.3,263.1,266.2
2022-09-19,266.3,273.0,256.7,271.9
2022-09-20,272.0,273.7,265.2,266.3
2022-09-21,266.3,276.4,260.3,264.0
2022-09-22,264.0,276.7,263.5,275.3
2022-09-23,275.4,277.9,268.3,276.7
2022-09-24,276.7,285.0,274.2,274.4
2022-09-25,274.4,280.0,270.9,274.3
2022-09-26,274.3,276.9,270.8,276.1
2022-09-27,276.1,286.6,269.2,272.3
2022-09-28,272.3,283.7,266.3,281.6
2022-09-29,281.6,285.6,277.1,284.1
2022-09-30,284.2,289.8,280.5,284.8
2022-10-01,284.9,285.4,277.7,282.9
2022-10-02,282.9,287.9,279.4,284.7

===== Patch 112 =====
2022-10-03,284.7,289.1,283.1,286.9
2022-10-04,287.0,298.2,286.3,296.2
2022-10-05,296.3,296.4,289.2,294.2
2022-10-06,294.2,298.1,278.6,287.0
2022-10-07,286.9,287.0,279.1,282.3
2022-10-08,282.2,282.7,275.4,276.4
2022-10-09,276.3,279.4,275.1,278.2
2022-10-10,278.2,279.2,271.3,271.5
2022-10-11,271.5,274.0,267.2,271.4
2022-10-12,271.3,272.9,269.2,270.9
2022-10-13,270.9,273.7,256.8,271.6
2022-10-14,271.6,276.8,267.6,269.4
2022-10-15,269.4,271.4,267.4,268.2
2022-10-16,268.2,273.9,267.9,272.5
2022-10-17,272.4,275.9,269.8,275.6
2022-10-18,275.7,276.0,270.1,273.1

===== Patch 113 =====
2022-10-19,273.2,273.9,270.3,272.0
2022-10-20,271.9,273.4,267.3,269.0
2022-10-21,269.0,271.2,263.4,270.1
2022-10-22,270.1,271.1,268.4,270.4
2022-10-23,270.5,276.8,268.7,276.0
2022-10-24,275.9,277.4,271.6,274.1
2022-10-25,274.2,289.9,272.0,284.2
2022-10-26,284.2,292.0,284.1,290.2
2022-10-27,290.3,293.3,284.7,286.7
2022-10-28,286.8,301.1,285.7,297.9
2022-10-29,297.9,308.4,295.6,304.4
2022-10-30,304.5,318.8,302.3,313.5
2022-10-31,313.6,337.9,306.5,325.7
2022-11-01,325.8,334.6,317.4,323.9
2022-11-02,323.8,330.0,315.3,320.2
2022-11-03,320.2,338.7,318.0,329.5

===== Patch 114 =====
2022-11-04,329.6,358.9,328.3,354.6
2022-11-05,354.7,361.3,346.1,349.2
2022-11-06,349.1,356.0,337.7,337.9
2022-11-07,337.8,344.4,326.4,337.0
2022-11-08,337.0,398.3,298.0,327.4
2022-11-09,327.4,333.1,260.2,267.3
2022-11-10,267.1,313.0,263.2,304.0
2022-11-11,304.1,306.0,279.0,290.4
2022-11-12,290.4,294.5,271.6,282.8
2022-11-13,282.9,286.5,273.2,276.4
2022-11-14,276.4,292.0,268.0,279.0
2022-11-15,279.0,282.4,273.2,277.0
2022-11-16,277.0,280.2,268.8,271.8
2022-11-17,271.9,273.5,262.9,267.9
2022-11-18,268.0,274.8,267.7,274.1
2022-11-19,274.1,274.6,268.9,272.6

===== Patch 115 =====
2022-11-20,272.6,273.8,261.8,264.2
2022-11-21,264.2,265.3,250.0,253.9
2022-11-22,254.0,267.8,252.0,266.7
2022-11-23,266.8,301.8,264.8,298.8
2022-11-24,298.9,304.1,293.9,300.2
2022-11-25,300.3,306.6,294.1,300.8
2022-11-26,300.8,317.8,299.9,311.4
2022-11-27,311.4,316.7,306.3,307.6
2022-11-28,307.7,309.6,286.6,293.5
2022-11-29,293.5,305.3,289.0,295.4
2022-11-30,295.4,305.5,292.5,300.6
2022-12-01,300.6,302.0,290.0,292.3
2022-12-02,292.3,293.9,285.4,293.4
2022-12-03,293.4,294.4,289.0,290.4
2022-12-04,290.4,292.8,287.4,291.8
2022-12-05,291.8,297.2,286.1,288.4

===== Patch 116 =====
2022-12-06,288.5,290.8,286.5,290.2
2022-12-07,290.2,290.9,281.1,284.2
2022-12-08,284.2,292.0,282.4,290.4
2022-12-09,290.4,292.0,284.4,286.0
2022-12-10,286.1,289.9,285.7,288.2
2022-12-11,288.2,291.4,283.3,284.4
2022-12-12,284.5,285.8,271.7,276.1
2022-12-13,276.1,282.0,255.6,272.2
2022-12-14,272.2,278.4,265.5,267.7
2022-12-15,267.7,268.1,256.5,258.8
2022-12-16,258.9,264.7,224.7,231.2
2022-12-17,231.2,245.0,220.0,242.1
2022-12-18,242.1,254.6,239.5,251.0
2022-12-19,251.1,253.3,236.8,240.4
2022-12-20,240.3,253.5,239.1,251.4
2022-12-21,251.4,251.5,245.2,246.2

===== Patch 117 =====
2022-12-22,246.2,248.3,240.1,245.8
2022-12-23,245.9,248.7,243.7,246.2
2022-12-24,246.2,246.3,243.4,244.5
2022-12-25,244.6,245.8,241.4,243.2
2022-12-26,243.2,244.9,242.0,244.3
2022-12-27,244.3,248.9,242.1,246.7
2022-12-28,246.7,247.4,241.5,244.5
2022-12-29,244.6,246.9,243.3,246.3
2022-12-30,246.3,246.7,242.7,245.8
2022-12-31,245.8,248.0,244.8,246.3
2023-01-01,246.3,246.7,243.4,244.4
2023-01-02,244.5,247.9,240.7,245.2
2023-01-03,245.3,247.0,244.4,246.1
2023-01-04,246.2,261.0,245.6,258.9
2023-01-05,258.9,259.2,255.2,256.7
2023-01-06,256.7,260.7,254.2,259.9

===== Patch 118 =====
2023-01-07,259.9,263.9,259.4,261.3
2023-01-08,261.3,276.5,260.1,274.9
2023-01-09,274.9,283.5,271.3,272.6
2023-01-10,272.6,278.8,270.2,277.1
2023-01-11,277.2,287.7,274.1,284.8
2023-01-12,284.9,288.6,278.5,287.7
2023-01-13,287.8,296.0,284.9,293.7
2023-01-14,293.7,314.4,293.1,305.1
2023-01-15,305.2,306.1,291.8,302.2
2023-01-16,302.2,308.1,293.1,299.0
2023-01-17,299.0,305.8,294.9,299.4
2023-01-18,299.4,305.3,281.1,286.7
2023-01-19,286.7,295.5,286.1,294.6
2023-01-20,294.6,305.4,286.6,305.1
2023-01-21,305.1,309.9,298.4,299.0
2023-01-22,299.1,311.4,298.5,303.0

===== Patch 119 =====
2023-01-23,303.1,307.8,300.8,305.1
2023-01-24,305.2,323.5,299.2,300.3
2023-01-25,300.3,314.0,293.4,306.9
2023-01-26,306.9,309.5,301.6,304.7
2023-01-27,304.8,310.5,298.8,308.0
2023-01-28,308.0,313.6,303.6,306.1
2023-01-29,306.2,320.5,304.8,317.2
2023-01-30,317.1,320.8,302.0,307.2
2023-01-31,307.2,314.4,305.3,312.0
2023-02-01,312.1,319.4,305.6,317.0
2023-02-02,317.1,334.4,316.3,323.5
2023-02-03,323.5,335.5,318.3,332.2
2023-02-04,332.3,334.1,327.0,330.4
2023-02-05,330.4,337.8,324.0,327.8
2023-02-06,327.8,331.5,320.7,324.3
2023-02-07,324.4,333.7,323.2,333.0

===== Patch 120 =====
2023-02-08,333.1,335.8,323.6,328.2
2023-02-09,328.2,329.3,302.0,306.2
2023-02-10,306.2,309.2,302.5,305.8
2023-02-11,305.9,311.4,305.1,310.4
2023-02-12,310.5,321.0,306.0,312.6
2023-02-13,312.6,315.7,282.8,294.3
2023-02-14,294.3,301.7,289.8,296.2
2023-02-15,296.2,317.7,294.0,317.4
2023-02-16,317.5,327.8,303.9,304.4
2023-02-17,304.4,317.5,302.8,313.0
2023-02-18,313.0,319.2,312.9,316.5
2023-02-19,316.6,318.9,310.3,311.5
2023-02-20,311.5,319.8,308.0,315.4
2023-02-21,315.5,317.4,309.3,311.5
2023-02-22,311.5,312.9,303.2,312.4
2023-02-23,312.5,315.3,305.8,308.3

===== Patch 121 =====
2023-02-24,308.3,312.1,298.6,302.3
2023-02-25,302.3,303.0,295.5,302.4
2023-02-26,302.5,309.8,300.7,308.7
2023-02-27,308.7,309.4,300.5,304.6
2023-02-28,304.7,305.7,300.0,301.4
2023-03-01,301.5,306.4,300.5,302.7
2023-03-02,302.6,303.8,295.8,299.8
2023-03-03,299.8,300.0,286.6,290.4
2023-03-04,290.5,291.5,285.8,289.6
2023-03-05,289.6,292.8,287.4,288.7
2023-03-06,288.8,289.7,283.3,287.8
2023-03-07,287.9,290.5,283.4,289.3
2023-03-08,289.3,294.3,285.1,287.1
2023-03-09,287.1,291.4,271.2,277.1
2023-03-10,277.1,278.1,265.0,277.4
2023-03-11,277.5,281.8,270.5,276.0

===== Patch 122 =====
2023-03-12,276.0,288.8,273.2,288.1
2023-03-13,288.1,314.1,286.1,307.9
2023-03-14,307.9,319.5,302.0,308.4
2023-03-15,308.5,312.7,300.0,306.3
2023-03-16,306.3,332.8,302.8,329.4
2023-03-17,329.4,340.0,325.0,338.9
2023-03-18,339.0,346.3,328.0,331.0
2023-03-19,331.1,341.7,330.3,336.7
2023-03-20,336.7,339.1,331.3,332.5
2023-03-21,332.5,339.9,327.1,334.4
2023-03-22,334.5,339.5,316.0,321.1
2023-03-23,321.2,332.1,318.9,329.4
2023-03-24,329.4,330.0,316.9,322.1
2023-03-25,322.1,324.9,319.0,322.4
2023-03-26,322.4,329.5,321.7,328.6
2023-03-27,328.6,329.8,305.9,310.6

===== Patch 123 =====
2023-03-28,310.6,315.8,306.8,313.2
2023-03-29,313.3,319.9,312.4,313.7
2023-03-30,313.8,320.8,309.1,316.4
2023-03-31,316.4,319.8,311.8,316.9
2023-04-01,317.0,319.0,313.0,314.9
2023-04-02,314.9,316.2,310.7,313.7
2023-04-03,313.8,314.1,299.5,308.8
2023-04-04,308.8,312.7,308.2,310.8
2023-04-05,310.8,316.8,310.2,313.9
2023-04-06,314.0,315.2,310.6,312.3
2023-04-07,312.3,312.8,309.7,310.3
2023-04-08,310.4,312.7,310.1,310.5
2023-04-09,310.6,313.7,309.5,312.8
2023-04-10,312.8,318.7,311.5,318.5
2023-04-11,318.6,333.0,317.8,322.3
2023-04-12,322.3,323.3,316.7,319.9

===== Patch 124 =====
2023-04-13,319.9,325.1,317.7,324.7
2023-04-14,324.6,335.5,323.2,328.9
2023-04-15,328.8,336.0,326.9,333.0
2023-04-16,333.1,350.0,330.1,347.7
2023-04-17,347.7,350.0,337.5,340.0
2023-04-18,340.0,346.7,337.0,343.1
2023-04-19,343.1,343.7,320.1,322.4
2023-04-20,322.5,326.8,315.3,318.1
2023-04-21,318.0,334.6,315.3,321.2
2023-04-22,321.3,333.1,319.9,332.2
2023-04-23,332.2,332.5,327.4,330.7
2023-04-24,330.6,334.0,327.7,331.2
2023-04-25,331.2,340.0,328.6,338.4
2023-04-26,338.4,345.0,321.5,330.6
2023-04-27,330.6,336.6,328.2,330.9
2023-04-28,330.9,330.9,318.7,324.1

===== Patch 125 =====
2023-04-29,324.1,325.0,320.6,321.9
2023-04-30,321.9,338.3,320.4,337.5
2023-05-01,337.5,339.6,326.1,328.5
2023-05-02,328.4,328.5,321.4,321.5
2023-05-03,321.4,327.6,320.4,325.9
2023-05-04,325.9,327.5,323.2,323.8
2023-05-05,323.9,329.1,322.8,326.5
2023-05-06,326.6,328.5,319.5,321.9
2023-05-07,322.0,325.4,320.4,321.0
2023-05-08,321.0,322.1,311.1,313.8
2023-05-09,313.8,315.8,311.2,312.1
2023-05-10,312.2,316.7,308.0,314.3
2023-05-11,314.3,314.5,304.4,307.5
2023-05-12,307.5,309.1,301.2,308.5
2023-05-13,308.6,311.8,307.5,310.7
2023-05-14,310.8,314.8,309.5,312.1

===== Patch 126 =====
2023-05-15,312.1,316.3,310.5,313.4
2023-05-16,313.4,314.0,309.3,311.4
2023-05-17,311.4,314.4,307.0,314.3
2023-05-18,314.3,314.9,306.1,309.3
2023-05-19,309.3,311.5,307.5,308.9
2023-05-20,308.9,312.0,307.8,310.6
2023-05-21,310.7,311.6,305.7,306.4
2023-05-22,306.4,311.1,304.4,309.0
2023-05-23,309.1,315.4,309.0,313.5
2023-05-24,313.5,313.6,303.6,306.0
2023-05-25,305.9,306.9,302.2,304.5
2023-05-26,304.6,308.5,301.4,306.8
2023-05-27,306.9,307.7,304.0,307.4
2023-05-28,307.4,314.6,306.7,314.1
2023-05-29,314.2,317.3,310.4,311.6
2023-05-30,311.7,314.2,310.8,311.5

