===== Patch 0 =====
2018-05-04,0.5,1.5,0.5,0.8899
2018-05-05,0.8898,0.935,0.888,0.9028
2018-05-06,0.9028,0.918,0.83774,0.86483
2018-05-07,0.86482,0.86886,0.8,0.8249
2018-05-08,0.8249,0.84802,0.792,0.80667
2018-05-09,0.80667,0.81894,0.7569,0.79481
2018-05-10,0.79481,0.80572,0.74085,0.74558
2018-05-11,0.7492,0.75602,0.64758,0.6761
2018-05-12,0.67376,0.71,0.62519,0.68522
2018-05-13,0.68192,0.7501,0.66456,0.72999
2018-05-14,0.72999,0.7499,0.68585,0.72694
2018-05-15,0.72695,0.74892,0.6801,0.689
2018-05-16,0.689,0.712,0.65756,0.70585
2018-05-17,0.70942,0.712,0.6482,0.65849
2018-05-18,0.65849,0.68255,0.646,0.67766
2018-05-19,0.67698,0.69139,0.6611,0.67339

===== Patch 1 =====
2018-05-20,0.67483,0.70659,0.668,0.6994
2018-05-21,0.6994,0.705,0.66666,0.67612
2018-05-22,0.67612,0.67817,0.635,0.63782
2018-05-23,0.63782,0.64488,0.5731,0.59198
2018-05-24,0.59053,0.64,0.57617,0.62814
2018-05-25,0.62966,0.63391,0.59336,0.60459
2018-05-26,0.60596,0.62618,0.59771,0.60852
2018-05-27,0.60907,0.648,0.59705,0.60416
2018-05-28,0.60417,0.6091,0.5434,0.54689
2018-05-29,0.54689,0.60921,0.54303,0.59998
2018-05-30,0.5997,0.626,0.58101,0.60149
2018-05-31,0.60051,0.62255,0.58829,0.6114
2018-06-01,0.6114,0.62428,0.6024,0.62151
2018-06-02,0.62236,0.65204,0.61513,0.64269
2018-06-03,0.64285,0.69101,0.63862,0.6901
2018-06-04,0.6901,0.707,0.6351,0.65507

===== Patch 2 =====
2018-06-05,0.65508,0.686,0.6328,0.67464
2018-06-06,0.67507,0.6833,0.653,0.6741
2018-06-07,0.6738,0.69,0.67089,0.67756
2018-06-08,0.6777,0.68,0.65832,0.6721
2018-06-09,0.67211,0.68,0.65514,0.6574
2018-06-10,0.65687,0.6585,0.55,0.58201
2018-06-11,0.58202,0.6,0.56,0.59989
2018-06-12,0.59901,0.5991,0.5415,0.5556
2018-06-13,0.5556,0.56124,0.50401,0.52862
2018-06-14,0.52863,0.569,0.51934,0.55769
2018-06-15,0.55765,0.55927,0.52447,0.53258
2018-06-16,0.53224,0.5385,0.51733,0.53275
2018-06-17,0.53232,0.5437,0.51999,0.52617
2018-06-18,0.52669,0.5535,0.50818,0.5387
2018-06-19,0.53835,0.56185,0.5207,0.54834
2018-06-20,0.54833,0.55188,0.52065,0.53916

===== Patch 3 =====
2018-06-21,0.53919,0.549,0.52899,0.53457
2018-06-22,0.5342,0.53506,0.46859,0.48216
2018-06-23,0.48287,0.49909,0.47333,0.49005
2018-06-24,0.48963,0.51,0.43724,0.47331
2018-06-25,0.47418,0.4992,0.47123,0.48125
2018-06-26,0.48125,0.48241,0.4511,0.453
2018-06-27,0.45218,0.47518,0.44787,0.4701
2018-06-28,0.47042,0.47396,0.442,0.44575
2018-06-29,0.4463,0.46124,0.42393,0.45321
2018-06-30,0.45346,0.48318,0.45312,0.46796
2018-07-01,0.46797,0.46989,0.45007,0.46222
2018-07-02,0.46222,0.4954,0.452,0.4899
2018-07-03,0.48913,0.52,0.47801,0.4844
2018-07-04,0.48469,0.508,0.47941,0.49097
2018-07-05,0.49155,0.50295,0.46887,0.4769
2018-07-06,0.47772,0.48156,0.45747,0.47698

===== Patch 4 =====
2018-07-07,0.47644,0.488,0.46381,0.48494
2018-07-08,0.4852,0.48798,0.4751,0.47915
2018-07-09,0.47872,0.48201,0.47015,0.473
2018-07-10,0.4728,0.47338,0.43866,0.44337
2018-07-11,0.44247,0.45134,0.43957,0.44872
2018-07-12,0.449,0.44932,0.4236,0.43675
2018-07-13,0.43706,0.44509,0.43001,0.43754
2018-07-14,0.43761,0.4443,0.431,0.43864
2018-07-15,0.43864,0.45004,0.43509,0.44681
2018-07-16,0.44695,0.4858,0.4435,0.48173
2018-07-17,0.48173,0.52019,0.4665,0.50728
2018-07-18,0.50651,0.52525,0.4752,0.48868
2018-07-19,0.48869,0.495,0.47125,0.47687
2018-07-20,0.47703,0.4773,0.431,0.44439
2018-07-21,0.4444,0.459,0.4346,0.45506
2018-07-22,0.45467,0.46409,0.44589,0.44859

===== Patch 5 =====
2018-07-23,0.44859,0.46371,0.44212,0.44499
2018-07-24,0.4452,0.4715,0.438,0.45885
2018-07-25,0.45741,0.46878,0.45153,0.4598
2018-07-26,0.45983,0.46887,0.44538,0.44968
2018-07-27,0.44878,0.462,0.444,0.4555
2018-07-28,0.4555,0.45887,0.44803,0.45641
2018-07-29,0.45643,0.45849,0.45,0.45315
2018-07-30,0.45315,0.45621,0.43382,0.44534
2018-07-31,0.44616,0.44641,0.4268,0.4353
2018-08-01,0.4353,0.46382,0.42671,0.44642
2018-08-02,0.44673,0.44888,0.42849,0.42975
2018-08-03,0.43021,0.44619,0.4253,0.44033
2018-08-04,0.44097,0.445,0.42741,0.42985
2018-08-05,0.42984,0.43705,0.42705,0.4345
2018-08-06,0.43437,0.43699,0.40127,0.4129
2018-08-07,0.41328,0.41567,0.37387,0.37863

===== Patch 6 =====
2018-08-08,0.37863,0.37863,0.31928,0.33171
2018-08-09,0.33197,0.35799,0.328,0.3441
2018-08-10,0.3441,0.34689,0.31236,0.31897
2018-08-11,0.31897,0.32008,0.2874,0.29784
2018-08-12,0.29708,0.30938,0.29401,0.29547
2018-08-13,0.29575,0.309,0.27127,0.2743
2018-08-14,0.2743,0.27732,0.24672,0.2725
2018-08-15,0.2728,0.30234,0.2728,0.28039
2018-08-16,0.28,0.30184,0.2755,0.29142
2018-08-17,0.29161,0.37506,0.29085,0.3672
2018-08-18,0.36721,0.37,0.31039,0.32829
2018-08-19,0.32848,0.35281,0.316,0.34201
2018-08-20,0.34201,0.35095,0.3128,0.31499
2018-08-21,0.315,0.33799,0.31302,0.33339
2018-08-22,0.33398,0.35499,0.31039,0.3185
2018-08-23,0.31849,0.32958,0.31306,0.3263

===== Patch 7 =====
2018-08-24,0.3263,0.329,0.31577,0.32646
2018-08-25,0.32647,0.332,0.3216,0.32702
2018-08-26,0.32759,0.32912,0.318,0.32276
2018-08-27,0.32277,0.34062,0.32145,0.33901
2018-08-28,0.339,0.35809,0.33423,0.35128
2018-08-29,0.35067,0.3556,0.33361,0.34494
2018-08-30,0.34494,0.3466,0.32252,0.33518
2018-08-31,0.3347,0.349,0.32728,0.3353
2018-09-01,0.3353,0.35517,0.33476,0.34699
2018-09-02,0.34698,0.34918,0.33,0.34253
2018-09-03,0.34237,0.34387,0.333,0.33493
2018-09-04,0.33491,0.34157,0.32819,0.33116
2018-09-05,0.33116,0.334,0.2772,0.27889
2018-09-06,0.27899,0.307,0.2676,0.30179
2018-09-07,0.30182,0.30445,0.28092,0.2869
2018-09-08,0.28686,0.294,0.26891,0.27679

===== Patch 8 =====
2018-09-09,0.27665,0.2908,0.27,0.2766
2018-09-10,0.27699,0.28263,0.259,0.27
2018-09-11,0.27,0.276,0.25261,0.26314
2018-09-12,0.26349,0.27413,0.25308,0.2699
2018-09-13,0.26959,0.28641,0.2676,0.27933
2018-09-14,0.27892,0.2867,0.27138,0.27571
2018-09-15,0.2761,0.28489,0.27533,0.28031
2018-09-16,0.2803,0.28229,0.27351,0.28122
2018-09-17,0.28122,0.28373,0.26662,0.2706
2018-09-18,0.2706,0.337,0.269,0.31897
2018-09-19,0.31898,0.337,0.3109,0.32679
2018-09-20,0.32718,0.492,0.32103,0.44819
2018-09-21,0.44877,0.8,0.4185,0.56405
2018-09-22,0.56399,0.63,0.49094,0.57368
2018-09-23,0.57249,0.59975,0.55501,0.5719
2018-09-24,0.5719,0.5831,0.48256,0.49358

===== Patch 9 =====
2018-09-25,0.49235,0.549,0.43558,0.5256
2018-09-26,0.52633,0.57299,0.48364,0.513
2018-09-27,0.51343,0.555,0.50578,0.54305
2018-09-28,0.54305,0.55,0.51624,0.54025
2018-09-29,0.54026,0.5968,0.52505,0.56876
2018-09-30,0.56875,0.62604,0.55744,0.58257
2018-10-01,0.58257,0.6059,0.532,0.5776
2018-10-02,0.57734,0.58038,0.515,0.51692
2018-10-03,0.51692,0.5388,0.50785,0.5293
2018-10-04,0.52982,0.54999,0.5257,0.5294
2018-10-05,0.52921,0.53331,0.51031,0.5211
2018-10-06,0.52098,0.5226,0.46859,0.48964
2018-10-07,0.4893,0.49149,0.46666,0.48269
2018-10-08,0.4826,0.50449,0.47824,0.49335
2018-10-09,0.49302,0.49387,0.47108,0.48199
2018-10-10,0.48171,0.48171,0.46066,0.46605

===== Patch 10 =====
2018-10-11,0.46632,0.46632,0.37713,0.38315
2018-10-12,0.38319,0.44953,0.37685,0.42071
2018-10-13,0.42071,0.432,0.417,0.4227
2018-10-14,0.42259,0.43057,0.40321,0.40994
2018-10-15,0.40951,0.52179,0.39771,0.46168
2018-10-16,0.46183,0.48896,0.45554,0.48352
2018-10-17,0.48352,0.49818,0.47201,0.48437
2018-10-18,0.48383,0.49408,0.456,0.4675
2018-10-19,0.46848,0.473,0.458,0.46077
2018-10-20,0.46103,0.47293,0.45633,0.46788
2018-10-21,0.46772,0.47476,0.4635,0.46458
2018-10-22,0.46458,0.46901,0.45475,0.46192
2018-10-23,0.46163,0.48649,0.444,0.47006
2018-10-24,0.47005,0.478,0.46,0.46402
2018-10-25,0.46401,0.4731,0.45688,0.46351
2018-10-26,0.46351,0.471,0.45923,0.46657

===== Patch 11 =====
2018-10-27,0.46657,0.4681,0.4576,0.46012
2018-10-28,0.4601,0.46695,0.458,0.46472
2018-10-29,0.46483,0.46516,0.4343,0.44506
2018-10-30,0.44554,0.455,0.444,0.44749
2018-10-31,0.44734,0.46097,0.4375,0.45418
2018-11-01,0.45418,0.462,0.4485,0.46141
2018-11-02,0.46137,0.46899,0.45901,0.463
2018-11-03,0.46281,0.46449,0.45433,0.45713
2018-11-04,0.45706,0.47959,0.44955,0.46999
2018-11-05,0.46999,0.50644,0.461,0.5022
2018-11-06,0.5022,0.56878,0.50053,0.55523
2018-11-07,0.5546,0.5555,0.52751,0.5409
2018-11-08,0.5409,0.5468,0.492,0.49694
2018-11-09,0.49713,0.5227,0.496,0.5044
2018-11-10,0.50463,0.51748,0.5027,0.50956
2018-11-11,0.50941,0.51233,0.49764,0.51019

===== Patch 12 =====
2018-11-12,0.51018,0.53499,0.50521,0.5245
2018-11-13,0.52403,0.53464,0.51111,0.51736
2018-11-14,0.51817,0.52012,0.422,0.4846
2018-11-15,0.48461,0.4947,0.4311,0.48931
2018-11-16,0.48931,0.49568,0.46382,0.47765
2018-11-17,0.47805,0.505,0.46939,0.49813
2018-11-18,0.49815,0.532,0.49537,0.51611
2018-11-19,0.51608,0.51695,0.4645,0.4825
2018-11-20,0.48235,0.50865,0.4095,0.44285
2018-11-21,0.44285,0.46947,0.41933,0.45367
2018-11-22,0.45345,0.45785,0.424,0.42831
2018-11-23,0.42766,0.44376,0.39674,0.41447
2018-11-24,0.41461,0.42878,0.37001,0.37982
2018-11-25,0.37977,0.39639,0.32802,0.382
2018-11-26,0.38186,0.39999,0.34625,0.36354
2018-11-27,0.3634,0.376,0.34634,0.365

===== Patch 13 =====
2018-11-28,0.36476,0.40319,0.36476,0.39203
2018-11-29,0.3922,0.395,0.37072,0.38149
2018-11-30,0.38148,0.38331,0.355,0.36466
2018-12-01,0.36492,0.379,0.35617,0.37205
2018-12-02,0.372,0.3799,0.366,0.36963
2018-12-03,0.36974,0.371,0.34553,0.34827
2018-12-04,0.34827,0.36255,0.33913,0.35231
2018-12-05,0.35235,0.361,0.338,0.3395
2018-12-06,0.33906,0.3455,0.30671,0.30919
2018-12-07,0.30959,0.312,0.2865,0.30114
2018-12-08,0.30114,0.325,0.29117,0.30247
2018-12-09,0.30247,0.31965,0.2983,0.30914
2018-12-10,0.30944,0.31377,0.29424,0.29956
2018-12-11,0.2995,0.31,0.29396,0.29904
2018-12-12,0.29905,0.31064,0.2971,0.30463
2018-12-13,0.30463,0.30569,0.29558,0.29934

===== Patch 14 =====
2018-12-14,0.29916,0.3008,0.28312,0.28816
2018-12-15,0.28803,0.29149,0.2805,0.28422
2018-12-16,0.28421,0.2954,0.28312,0.28669
2018-12-17,0.28669,0.337,0.285,0.32721
2018-12-18,0.32721,0.3498,0.32149,0.34979
2018-12-19,0.34979,0.39265,0.34165,0.34468
2018-12-20,0.34468,0.38368,0.339,0.37228
2018-12-21,0.37228,0.383,0.34584,0.35428
2018-12-22,0.35405,0.36,0.34383,0.35644
2018-12-23,0.35645,0.37784,0.35407,0.3669
2018-12-24,0.36691,0.45,0.36665,0.40092
2018-12-25,0.40075,0.40399,0.36,0.37598
2018-12-26,0.37599,0.38942,0.35327,0.37253
2018-12-27,0.37298,0.375,0.325,0.33368
2018-12-28,0.3337,0.37559,0.32823,0.36997
2018-12-29,0.37017,0.37913,0.35103,0.35593

===== Patch 15 =====
2018-12-30,0.35622,0.36578,0.3508,0.36489
2018-12-31,0.36488,0.36932,0.3435,0.34849
2019-01-01,0.34864,0.36111,0.34533,0.3608
2019-01-02,0.36057,0.3745,0.3535,0.36882
2019-01-03,0.3686,0.3691,0.34778,0.3524
2019-01-04,0.35255,0.358,0.34385,0.35308
2019-01-05,0.35303,0.35981,0.345,0.34851
2019-01-06,0.34851,0.36446,0.34542,0.36042
2019-01-07,0.36042,0.37218,0.35701,0.36022
2019-01-08,0.36015,0.36796,0.3545,0.36073
2019-01-09,0.36073,0.36919,0.35775,0.3648
2019-01-10,0.36479,0.37963,0.315,0.32464
2019-01-11,0.32464,0.33418,0.31559,0.3258
2019-01-12,0.3258,0.32977,0.32071,0.32557
2019-01-13,0.32554,0.32953,0.30796,0.31132
2019-01-14,0.31139,0.33593,0.31115,0.32871

===== Patch 16 =====
2019-01-15,0.3286,0.33176,0.31606,0.3215
2019-01-16,0.32154,0.33196,0.3201,0.3257
2019-01-17,0.3258,0.3284,0.31926,0.32489
2019-01-18,0.32468,0.32548,0.3161,0.32036
2019-01-19,0.32042,0.3325,0.31927,0.3267
2019-01-20,0.32672,0.32861,0.31089,0.3168
2019-01-21,0.31697,0.32163,0.3127,0.31767
2019-01-22,0.31766,0.3202,0.30611,0.31762
2019-01-23,0.31762,0.31933,0.312,0.31415
2019-01-24,0.31422,0.31795,0.31255,0.31593
2019-01-25,0.31584,0.31698,0.31,0.31384
2019-01-26,0.314,0.31887,0.3119,0.31258
2019-01-27,0.3126,0.31409,0.30272,0.30646
2019-01-28,0.30653,0.30767,0.28089,0.29223
2019-01-29,0.29223,0.294,0.28126,0.28693
2019-01-30,0.28694,0.32646,0.28447,0.32109

===== Patch 17 =====
2019-01-31,0.32118,0.3358,0.30349,0.30911
2019-02-01,0.3092,0.31197,0.295,0.30624
2019-02-02,0.30628,0.31377,0.30428,0.3103
2019-02-03,0.31042,0.31215,0.289,0.30219
2019-02-04,0.30204,0.30566,0.29736,0.29939
2019-02-05,0.29932,0.30225,0.29642,0.29972
2019-02-06,0.29972,0.30101,0.28809,0.2894
2019-02-07,0.28934,0.29469,0.28913,0.29145
2019-02-08,0.29146,0.32129,0.28908,0.31205
2019-02-09,0.31195,0.3164,0.30719,0.31215
2019-02-10,0.31218,0.31286,0.29829,0.30988
2019-02-11,0.30985,0.3103,0.30136,0.30255
2019-02-12,0.30243,0.30842,0.29625,0.30514
2019-02-13,0.3051,0.31373,0.30113,0.30382
2019-02-14,0.30387,0.30556,0.29975,0.30081
2019-02-15,0.30082,0.30646,0.296,0.30194

===== Patch 18 =====
2019-02-16,0.30195,0.30408,0.2997,0.30077
2019-02-17,0.30084,0.308,0.29849,0.30318
2019-02-18,0.3031,0.32862,0.30177,0.32194
2019-02-19,0.32188,0.34777,0.31807,0.32238
2019-02-20,0.3225,0.33476,0.3166,0.3315
2019-02-21,0.33139,0.33297,0.31688,0.3207
2019-02-22,0.32064,0.32333,0.31352,0.32105
2019-02-23,0.32102,0.33395,0.31753,0.33201
2019-02-24,0.33201,0.34345,0.29371,0.29757
2019-02-25,0.29757,0.33975,0.29672,0.32731
2019-02-26,0.3274,0.33502,0.31334,0.31658
2019-02-27,0.31663,0.31874,0.30076,0.31067
2019-02-28,0.31054,0.31771,0.30602,0.3139
2019-03-01,0.31386,0.32354,0.31146,0.31564
2019-03-02,0.31565,0.31819,0.30993,0.31382
2019-03-03,0.31389,0.31542,0.308,0.31114

===== Patch 19 =====
2019-03-04,0.31115,0.31222,0.29728,0.30207
2019-03-05,0.30197,0.31787,0.3008,0.31471
2019-03-06,0.31473,0.32186,0.3095,0.31629
2019-03-07,0.31628,0.31936,0.3124,0.31311
2019-03-08,0.31324,0.316,0.305,0.30775
2019-03-09,0.3078,0.319,0.3068,0.31389
2019-03-10,0.31395,0.31705,0.30905,0.31289
2019-03-11,0.31279,0.315,0.30658,0.30992
2019-03-12,0.30991,0.31204,0.30766,0.31031
2019-03-13,0.3103,0.32555,0.30733,0.31332
2019-03-14,0.31345,0.31654,0.30585,0.31131
2019-03-15,0.31131,0.31678,0.3107,0.31473
2019-03-16,0.31485,0.323,0.31465,0.31868
2019-03-17,0.31866,0.31892,0.314,0.3154
2019-03-18,0.31546,0.32,0.31135,0.31452
2019-03-19,0.31451,0.3166,0.3125,0.31594

===== Patch 20 =====
2019-03-20,0.31581,0.32275,0.3115,0.31779
2019-03-21,0.3178,0.31915,0.29,0.30965
2019-03-22,0.30965,0.31262,0.30642,0.31041
2019-03-23,0.31041,0.31264,0.30883,0.31182
2019-03-24,0.31174,0.31186,0.30471,0.30787
2019-03-25,0.30792,0.308,0.3,0.3031
2019-03-26,0.30296,0.30384,0.294,0.30302
2019-03-27,0.303,0.31097,0.30055,0.31012
2019-03-28,0.30986,0.31012,0.30418,0.30604
2019-03-29,0.30603,0.31042,0.30475,0.30774
2019-03-30,0.30775,0.31834,0.30687,0.31107
2019-03-31,0.31092,0.31168,0.30718,0.30889
2019-04-01,0.30889,0.31455,0.30739,0.31248
2019-04-02,0.31249,0.35571,0.3115,0.3505
2019-04-03,0.3505,0.3705,0.32354,0.34022
2019-04-04,0.34022,0.34669,0.325,0.32996

===== Patch 21 =====
2019-04-05,0.32996,0.37999,0.32994,0.3613
2019-04-06,0.36118,0.36224,0.3461,0.35264
2019-04-07,0.35267,0.367,0.35041,0.3612
2019-04-08,0.36149,0.37012,0.34365,0.35568
2019-04-09,0.35558,0.35574,0.34385,0.34732
2019-04-10,0.34728,0.3578,0.34608,0.35345
2019-04-11,0.3535,0.35377,0.3191,0.32705
2019-04-12,0.3271,0.3282,0.31391,0.32325
2019-04-13,0.32314,0.3359,0.31936,0.32458
2019-04-14,0.32459,0.33,0.32121,0.32762
2019-04-15,0.32761,0.33184,0.31311,0.31905
2019-04-16,0.31889,0.325,0.31541,0.32379
2019-04-17,0.324,0.341,0.319,0.33436
2019-04-18,0.33435,0.34671,0.33116,0.33533
2019-04-19,0.33525,0.33537,0.32606,0.32999
2019-04-20,0.33008,0.33241,0.321,0.32668

===== Patch 22 =====
2019-04-21,0.32673,0.32815,0.31356,0.31963
2019-04-22,0.31972,0.3306,0.31624,0.32252
2019-04-23,0.32232,0.32647,0.31684,0.31807
2019-04-24,0.31802,0.31989,0.2888,0.29963
2019-04-25,0.29971,0.30581,0.28455,0.29161
2019-04-26,0.29162,0.30491,0.28839,0.3035
2019-04-27,0.3034,0.30499,0.2975,0.29928
2019-04-28,0.29942,0.30278,0.29535,0.29946
2019-04-29,0.29948,0.30161,0.28959,0.29323
2019-04-30,0.29313,0.31249,0.29154,0.3087
2019-05-01,0.30855,0.31,0.29992,0.30304
2019-05-02,0.30313,0.30478,0.30072,0.30205
2019-05-03,0.30206,0.31053,0.3003,0.30784
2019-05-04,0.30792,0.31856,0.29634,0.30305
2019-05-05,0.30293,0.305,0.29892,0.30044
2019-05-06,0.30044,0.30751,0.29479,0.30283

===== Patch 23 =====
2019-05-07,0.30284,0.30726,0.29712,0.29819
2019-05-08,0.29843,0.30275,0.29567,0.29958
2019-05-09,0.29957,0.30198,0.29195,0.29488
2019-05-10,0.29475,0.30198,0.29061,0.29881
2019-05-11,0.29877,0.3372,0.29801,0.31724
2019-05-12,0.31703,0.32992,0.30233,0.31016
2019-05-13,0.31014,0.329,0.30785,0.32409
2019-05-14,0.32385,0.4362,0.32199,0.409
2019-05-15,0.409,0.467,0.40737,0.45734
2019-05-16,0.45723,0.479,0.39334,0.41876
2019-05-17,0.41891,0.42394,0.3585,0.38862
2019-05-18,0.38858,0.39598,0.3634,0.37183
2019-05-19,0.37178,0.42796,0.37,0.41631
2019-05-20,0.41612,0.41647,0.37812,0.39636
2019-05-21,0.39629,0.40738,0.3853,0.39524
2019-05-22,0.39515,0.4111,0.366,0.37183

===== Patch 24 =====
2019-05-23,0.37171,0.38269,0.36091,0.37956
2019-05-24,0.37989,0.39375,0.36982,0.38286
2019-05-25,0.38286,0.393,0.37941,0.3852
2019-05-26,0.38526,0.41368,0.373,0.40372
2019-05-27,0.40364,0.44645,0.399,0.43331
2019-05-28,0.4334,0.4611,0.4176,0.44877
2019-05-29,0.44863,0.45701,0.42,0.44307
2019-05-30,0.44286,0.4735,0.401,0.41789
2019-05-31,0.41809,0.4408,0.40614,0.43851
2019-06-01,0.43849,0.44169,0.41664,0.42894
2019-06-02,0.42856,0.44695,0.42735,0.44396
2019-06-03,0.44396,0.465,0.417,0.41731
2019-06-04,0.41739,0.41934,0.3836,0.39878
2019-06-05,0.3989,0.40597,0.3871,0.4001
2019-06-06,0.39997,0.427,0.39024,0.41937
2019-06-07,0.41935,0.43003,0.41389,0.41886

===== Patch 25 =====
2019-06-08,0.41871,0.42222,0.4021,0.40699
2019-06-09,0.40699,0.41043,0.37,0.38527
2019-06-10,0.38528,0.40346,0.37985,0.3999
2019-06-11,0.39985,0.40195,0.38175,0.39192
2019-06-12,0.39209,0.402,0.38726,0.40074
2019-06-13,0.40075,0.40804,0.3942,0.39876
2019-06-14,0.39872,0.40364,0.39025,0.40201
2019-06-15,0.40201,0.41213,0.40052,0.4095
2019-06-16,0.40949,0.44098,0.40583,0.42703
2019-06-17,0.42701,0.46311,0.42181,0.44705
2019-06-18,0.44705,0.45499,0.41963,0.42694
2019-06-19,0.42697,0.43852,0.42369,0.43406
2019-06-20,0.43426,0.43592,0.4198,0.42995
2019-06-21,0.42986,0.45,0.42925,0.4425
2019-06-22,0.44262,0.50999,0.43752,0.47729
2019-06-23,0.47714,0.49298,0.465,0.47015

===== Patch 26 =====
2019-06-24,0.47015,0.47585,0.45,0.47385
2019-06-25,0.47391,0.47654,0.455,0.46809
2019-06-26,0.46809,0.4968,0.453,0.46805
2019-06-27,0.46773,0.47176,0.3951,0.41049
2019-06-28,0.41061,0.4272,0.40582,0.4261
2019-06-29,0.426,0.43,0.40392,0.4262
2019-06-30,0.42597,0.42859,0.3954,0.3962
2019-07-01,0.39637,0.42298,0.38804,0.40691
2019-07-02,0.40694,0.41125,0.38386,0.39794
2019-07-03,0.39787,0.40666,0.3934,0.40456
2019-07-04,0.40458,0.4052,0.385,0.38723
2019-07-05,0.38722,0.38825,0.37325,0.37881
2019-07-06,0.3787,0.4099,0.37826,0.39031
2019-07-07,0.39031,0.4007,0.38683,0.39651
2019-07-08,0.39651,0.403,0.39114,0.40073
2019-07-09,0.40072,0.40725,0.38875,0.39362

===== Patch 27 =====
2019-07-10,0.39361,0.39646,0.34502,0.36154
2019-07-11,0.36141,0.36285,0.31574,0.32875
2019-07-12,0.32888,0.34988,0.31968,0.34336
2019-07-13,0.34336,0.34439,0.32359,0.33206
2019-07-14,0.33214,0.33549,0.2992,0.30366
2019-07-15,0.30366,0.32376,0.29474,0.31287
2019-07-16,0.31287,0.32032,0.286,0.29543
2019-07-17,0.29545,0.32365,0.29264,0.31032
2019-07-18,0.31032,0.327,0.30257,0.32035
2019-07-19,0.32035,0.32215,0.30959,0.3188
2019-07-20,0.3187,0.34094,0.31818,0.33279
2019-07-21,0.33269,0.33501,0.32053,0.33075
2019-07-22,0.33059,0.33259,0.3157,0.32111
2019-07-23,0.32135,0.32135,0.30572,0.30891
2019-07-24,0.30877,0.31905,0.30251,0.31548
2019-07-25,0.31547,0.323,0.31117,0.31335

===== Patch 28 =====
2019-07-26,0.31332,0.32514,0.307,0.32303
2019-07-27,0.32303,0.32621,0.3054,0.30965
2019-07-28,0.30966,0.31478,0.3,0.31218
2019-07-29,0.31217,0.31478,0.306,0.31004
2019-07-30,0.31004,0.32213,0.30665,0.31823
2019-07-31,0.31811,0.32348,0.3151,0.31959
2019-08-01,0.3195,0.3199,0.3114,0.31575
2019-08-02,0.31554,0.31785,0.30836,0.31178
2019-08-03,0.3117,0.31747,0.31091,0.31596
2019-08-04,0.31595,0.32298,0.31181,0.31813
2019-08-05,0.31823,0.331,0.31798,0.32242
2019-08-06,0.32232,0.32421,0.308,0.3116
2019-08-07,0.3116,0.31688,0.30694,0.31109
2019-08-08,0.31093,0.31204,0.30452,0.30825
2019-08-09,0.30823,0.30921,0.2901,0.29649
2019-08-10,0.2965,0.30562,0.29237,0.29918

===== Patch 29 =====
2019-08-11,0.29907,0.30605,0.29501,0.30316
2019-08-12,0.30316,0.30536,0.298,0.3006
2019-08-13,0.3006,0.30129,0.29295,0.298
2019-08-14,0.29795,0.29864,0.243,0.26353
2019-08-15,0.26346,0.2707,0.25875,0.26378
2019-08-16,0.26392,0.26526,0.25395,0.26047
2019-08-17,0.26029,0.26953,0.25648,0.26546
2019-08-18,0.26535,0.2919,0.26353,0.2832
2019-08-19,0.28321,0.29035,0.27558,0.28202
2019-08-20,0.28195,0.28234,0.2696,0.27432
2019-08-21,0.27432,0.27448,0.25871,0.26589
2019-08-22,0.26589,0.27419,0.26028,0.27039
2019-08-23,0.27038,0.27815,0.26727,0.27664
2019-08-24,0.27663,0.27726,0.2637,0.27137
2019-08-25,0.27149,0.27602,0.26597,0.26954
2019-08-26,0.26961,0.27969,0.26704,0.27051

===== Patch 30 =====
2019-08-27,0.27051,0.27065,0.26513,0.26954
2019-08-28,0.26955,0.26974,0.24765,0.25629
2019-08-29,0.25614,0.26264,0.247,0.25698
2019-08-30,0.25712,0.2576,0.25199,0.25539
2019-08-31,0.25541,0.26047,0.25288,0.25747
2019-09-01,0.25747,0.25891,0.25,0.25593
2019-09-02,0.25596,0.26428,0.25295,0.2606
2019-09-03,0.2606,0.267,0.25751,0.26242
2019-09-04,0.26252,0.26299,0.25598,0.25843
2019-09-05,0.25843,0.25937,0.25337,0.25617
2019-09-06,0.25616,0.25868,0.24692,0.2511
2019-09-07,0.25115,0.26285,0.25009,0.25993
2019-09-08,0.25989,0.26591,0.2555,0.26205
2019-09-09,0.26205,0.26423,0.25634,0.25855
2019-09-10,0.25869,0.26371,0.2535,0.25859
2019-09-11,0.25855,0.26092,0.251,0.25519

===== Patch 31 =====
2019-09-12,0.25515,0.25686,0.25087,0.25406
2019-09-13,0.25404,0.256,0.25132,0.2552
2019-09-14,0.25536,0.26551,0.25389,0.26124
2019-09-15,0.26125,0.26419,0.25386,0.26022
2019-09-16,0.26015,0.263,0.25664,0.26098
2019-09-17,0.26103,0.2985,0.25944,0.28561
2019-09-18,0.28553,0.32631,0.28493,0.31344
2019-09-19,0.31344,0.31345,0.28208,0.30062
2019-09-20,0.30064,0.30159,0.2835,0.2936
2019-09-21,0.2936,0.298,0.28625,0.28961
2019-09-22,0.28964,0.28982,0.2686,0.27653
2019-09-23,0.27656,0.28666,0.26601,0.26786
2019-09-24,0.26787,0.27317,0.21333,0.23282
2019-09-25,0.23282,0.24953,0.23132,0.2457
2019-09-26,0.24567,0.25,0.22775,0.2422
2019-09-27,0.2423,0.248,0.23296,0.24208

===== Patch 32 =====
2019-09-28,0.24209,0.24433,0.238,0.24163
2019-09-29,0.24165,0.24261,0.23427,0.24024
2019-09-30,0.24024,0.26192,0.2354,0.2566
2019-10-01,0.25659,0.261,0.24441,0.24788
2019-10-02,0.24787,0.25481,0.24421,0.25247
2019-10-03,0.25248,0.25305,0.24159,0.24674
2019-10-04,0.24687,0.25664,0.2445,0.25243
2019-10-05,0.2525,0.2566,0.24671,0.25325
2019-10-06,0.25325,0.25634,0.2506,0.25552
2019-10-07,0.25551,0.28114,0.25333,0.27592
2019-10-08,0.27584,0.28548,0.27062,0.2774
2019-10-09,0.2774,0.28693,0.27358,0.28082
2019-10-10,0.28089,0.28168,0.26455,0.27021
2019-10-11,0.27021,0.27485,0.26431,0.26743
2019-10-12,0.26741,0.27729,0.26712,0.27226
2019-10-13,0.27232,0.28138,0.27109,0.27726

===== Patch 33 =====
2019-10-14,0.27729,0.29779,0.27641,0.29727
2019-10-15,0.29722,0.299,0.283,0.28859
2019-10-16,0.28859,0.29219,0.27858,0.28331
2019-10-17,0.28334,0.3038,0.27969,0.30167
2019-10-18,0.30166,0.30207,0.28433,0.29404
2019-10-19,0.29404,0.29952,0.287,0.29145
2019-10-20,0.29144,0.29615,0.28091,0.29386
2019-10-21,0.29393,0.2942,0.28826,0.29187
2019-10-22,0.29186,0.30278,0.28862,0.29046
2019-10-23,0.29041,0.29127,0.25005,0.27306
2019-10-24,0.27307,0.28,0.26629,0.27596
2019-10-25,0.27597,0.3081,0.2742,0.29829
2019-10-26,0.29839,0.312,0.284,0.29351
2019-10-27,0.29351,0.30213,0.28901,0.29818
2019-10-28,0.29825,0.3051,0.29309,0.29447
2019-10-29,0.29443,0.30972,0.29416,0.30192

===== Patch 34 =====
2019-10-30,0.30192,0.30636,0.29016,0.29471
2019-10-31,0.29471,0.29874,0.28777,0.29452
2019-11-01,0.29459,0.2946,0.28448,0.29146
2019-11-02,0.29148,0.2975,0.29112,0.29456
2019-11-03,0.29456,0.29614,0.28855,0.29024
2019-11-04,0.29024,0.2999,0.2891,0.29863
2019-11-05,0.29863,0.30443,0.29416,0.30061
2019-11-06,0.30062,0.31367,0.2961,0.31009
2019-11-07,0.31016,0.3149,0.27503,0.29061
2019-11-08,0.29068,0.291,0.27023,0.27547
2019-11-09,0.27546,0.28156,0.2745,0.2799
2019-11-10,0.2799,0.284,0.27658,0.27894
2019-11-11,0.27899,0.28106,0.26935,0.27423
2019-11-12,0.27423,0.27641,0.2676,0.27222
2019-11-13,0.27224,0.27563,0.27013,0.27202
2019-11-14,0.27207,0.27294,0.26354,0.26795

===== Patch 35 =====
2019-11-15,0.26795,0.26952,0.25303,0.26069
2019-11-16,0.2607,0.26444,0.25911,0.26218
2019-11-17,0.2622,0.266,0.25891,0.26311
2019-11-18,0.26316,0.26318,0.2411,0.25179
2019-11-19,0.25174,0.25654,0.243,0.25398
2019-11-20,0.25398,0.25861,0.24809,0.25014
2019-11-21,0.25022,0.25349,0.23613,0.24345
2019-11-22,0.24345,0.2459,0.22122,0.23
2019-11-23,0.23004,0.23541,0.22526,0.23407
2019-11-24,0.23409,0.23466,0.21829,0.21989
2019-11-25,0.22011,0.225,0.20013,0.21731
2019-11-26,0.2173,0.2219,0.21327,0.2206
2019-11-27,0.22054,0.2295,0.21259,0.224
2019-11-28,0.22408,0.22946,0.22246,0.22313
2019-11-29,0.22312,0.23229,0.22245,0.22998
2019-11-30,0.22997,0.23192,0.22354,0.2255

===== Patch 36 =====
2019-12-01,0.22549,0.2255,0.2186,0.22477
2019-12-02,0.22471,0.22623,0.21731,0.21914
2019-12-03,0.21904,0.22182,0.2178,0.21951
2019-12-04,0.2195,0.22491,0.20952,0.2139
2019-12-05,0.21398,0.2262,0.212,0.22118
2019-12-06,0.22118,0.2268,0.2191,0.22546
2019-12-07,0.22554,0.228,0.22281,0.22699
2019-12-08,0.22702,0.232,0.2237,0.22909
2019-12-09,0.22913,0.23083,0.22113,0.22445
2019-12-10,0.22435,0.2256,0.21894,0.22256
2019-12-11,0.22256,0.22365,0.21973,0.22093
2019-12-12,0.22103,0.22322,0.2164,0.21837
2019-12-13,0.21837,0.22074,0.21537,0.22054
2019-12-14,0.22055,0.22086,0.21463,0.21605
2019-12-15,0.21605,0.21939,0.21463,0.21735
2019-12-16,0.21735,0.21747,0.202,0.2055

===== Patch 37 =====
2019-12-17,0.20547,0.20568,0.17754,0.1831
2019-12-18,0.1831,0.2,0.175,0.19573
2019-12-19,0.19573,0.19706,0.18447,0.1878
2019-12-20,0.1878,0.19787,0.18369,0.19521
2019-12-21,0.19508,0.19617,0.18993,0.19143
2019-12-22,0.19134,0.19665,0.19045,0.19649
2019-12-23,0.1965,0.19974,0.18809,0.18953
2019-12-24,0.18958,0.19413,0.18745,0.19077
2019-12-25,0.19069,0.19137,0.18633,0.18852
2019-12-26,0.18864,0.1941,0.18722,0.18923
2019-12-27,0.18924,0.19015,0.1848,0.19003
2019-12-28,0.19003,0.19469,0.18969,0.1932
2019-12-29,0.19321,0.1985,0.1908,0.19653
2019-12-30,0.19651,0.1979,0.19206,0.19326
2019-12-31,0.19327,0.19422,0.18988,0.19295
2020-01-01,0.19285,0.19526,0.19219,0.19305

===== Patch 38 =====
2020-01-02,0.19304,0.19304,0.18508,0.1875
2020-01-03,0.1875,0.19395,0.1845,0.19338
2020-01-04,0.19331,0.19363,0.19119,0.19305
2020-01-05,0.19305,0.19722,0.19288,0.19453
2020-01-06,0.19453,0.22396,0.19421,0.2231
2020-01-07,0.2231,0.2255,0.20702,0.21335
2020-01-08,0.21334,0.21836,0.20311,0.2075
2020-01-09,0.2075,0.20877,0.20126,0.20373
2020-01-10,0.20375,0.21318,0.20023,0.21284
2020-01-11,0.21277,0.21994,0.20852,0.21121
2020-01-12,0.21121,0.21713,0.20941,0.21539
2020-01-13,0.21536,0.2156,0.2096,0.21134
2020-01-14,0.21134,0.24526,0.21134,0.23464
2020-01-15,0.23455,0.24356,0.2263,0.23367
2020-01-16,0.23367,0.23501,0.2223,0.229
2020-01-17,0.22899,0.24453,0.22659,0.23921

===== Patch 39 =====
2020-01-18,0.23922,0.25456,0.23183,0.24357
2020-01-19,0.24357,0.25175,0.227,0.23558
2020-01-20,0.23554,0.23672,0.22415,0.23314
2020-01-21,0.23314,0.242,0.23,0.23726
2020-01-22,0.23738,0.23996,0.23213,0.23733
2020-01-23,0.23733,0.23746,0.22123,0.22586
2020-01-24,0.22584,0.2263,0.21378,0.22222
2020-01-25,0.22219,0.22271,0.21662,0.21946
2020-01-26,0.21946,0.23276,0.218,0.23131
2020-01-27,0.23121,0.23393,0.2263,0.23077
2020-01-28,0.23078,0.24162,0.23077,0.23906
2020-01-29,0.23912,0.24197,0.23425,0.23539
2020-01-30,0.23538,0.24669,0.23056,0.24376
2020-01-31,0.24376,0.24486,0.2335,0.23946
2020-02-01,0.23947,0.24304,0.23684,0.24141
2020-02-02,0.24146,0.26163,0.2355,0.25093

===== Patch 40 =====
2020-02-03,0.25094,0.2595,0.24678,0.25453
2020-02-04,0.25447,0.271,0.24752,0.26737
2020-02-05,0.26742,0.2824,0.26737,0.27774
2020-02-06,0.27782,0.28856,0.26778,0.28325
2020-02-07,0.28325,0.28832,0.27766,0.27953
2020-02-08,0.27951,0.28223,0.2636,0.27735
2020-02-09,0.27731,0.28924,0.27622,0.28257
2020-02-10,0.28255,0.28322,0.2673,0.27338
2020-02-11,0.27342,0.2835,0.26738,0.281
2020-02-12,0.28092,0.309,0.28091,0.30427
2020-02-13,0.30427,0.34,0.3,0.32709
2020-02-14,0.32718,0.33942,0.3104,0.33594
2020-02-15,0.33585,0.34676,0.2955,0.30729
2020-02-16,0.30729,0.31892,0.27,0.29224
2020-02-17,0.29248,0.29511,0.26821,0.28736
2020-02-18,0.28741,0.30273,0.27474,0.29827

===== Patch 41 =====
2020-02-19,0.29834,0.30777,0.27007,0.27466
2020-02-20,0.27466,0.28168,0.26109,0.2709
2020-02-21,0.27094,0.27898,0.2678,0.27418
2020-02-22,0.27424,0.2785,0.27,0.27468
2020-02-23,0.27462,0.28467,0.27462,0.28298
2020-02-24,0.28298,0.28425,0.26401,0.2704
2020-02-25,0.2703,0.271,0.251,0.25209
2020-02-26,0.25218,0.25512,0.22271,0.22915
2020-02-27,0.22917,0.24722,0.22363,0.2385
2020-02-28,0.23854,0.244,0.2285,0.23663
2020-02-29,0.23658,0.24244,0.2287,0.22892
2020-03-01,0.22897,0.23607,0.22428,0.22696
2020-03-02,0.22699,0.24149,0.22582,0.23958
2020-03-03,0.23968,0.2397,0.22942,0.23428
2020-03-04,0.23433,0.23839,0.23,0.23453
2020-03-05,0.23449,0.2432,0.23449,0.23909

===== Patch 42 =====
2020-03-06,0.23907,0.24629,0.23804,0.24477
2020-03-07,0.24475,0.245,0.235,0.23622
2020-03-08,0.23624,0.23624,0.2,0.20385
2020-03-09,0.20387,0.2115,0.19787,0.20952
2020-03-10,0.20946,0.21567,0.19979,0.21185
2020-03-11,0.21181,0.2138,0.199,0.20813
2020-03-12,0.20824,0.20988,0.12798,0.13549
2020-03-13,0.13536,0.16614,0.10129,0.15872
2020-03-14,0.15875,0.161,0.14351,0.14588
2020-03-15,0.1459,0.16422,0.14449,0.15308
2020-03-16,0.15306,0.15338,0.12815,0.14102
2020-03-17,0.1411,0.1519,0.13962,0.14694
2020-03-18,0.14691,0.14938,0.14001,0.1476
2020-03-19,0.14749,0.17257,0.14428,0.1646
2020-03-20,0.16458,0.175,0.14504,0.15695
2020-03-21,0.15705,0.16196,0.15156,0.15797

===== Patch 43 =====
2020-03-22,0.15798,0.16178,0.14611,0.14776
2020-03-23,0.14774,0.16163,0.14472,0.15854
2020-03-24,0.15853,0.16387,0.15689,0.16225
2020-03-25,0.16229,0.16524,0.15667,0.16168
2020-03-26,0.1617,0.17742,0.15984,0.17593
2020-03-27,0.17591,0.18724,0.16936,0.17269
2020-03-28,0.17271,0.17984,0.16637,0.17543
2020-03-29,0.1754,0.1767,0.16184,0.16278
2020-03-30,0.16279,0.17546,0.16242,0.17112
2020-03-31,0.17109,0.17789,0.17044,0.17353
2020-04-01,0.17359,0.1763,0.16783,0.17494
2020-04-02,0.17497,0.1865,0.17384,0.17828
2020-04-03,0.17828,0.18277,0.17568,0.17957
2020-04-04,0.17956,0.18365,0.1777,0.18114
2020-04-05,0.18114,0.18206,0.17627,0.17925
2020-04-06,0.17927,0.19834,0.17917,0.19803

===== Patch 44 =====
2020-04-07,0.198,0.20519,0.18986,0.19285
2020-04-08,0.19283,0.20294,0.19155,0.20192
2020-04-09,0.20192,0.20231,0.1938,0.19829
2020-04-10,0.19826,0.19872,0.18119,0.18758
2020-04-11,0.1876,0.19213,0.185,0.1885
2020-04-12,0.18848,0.19567,0.18616,0.18939
2020-04-13,0.18932,0.18947,0.18011,0.18763
2020-04-14,0.18764,0.18931,0.18313,0.18613
2020-04-15,0.18605,0.18973,0.18,0.1805
2020-04-16,0.1805,0.19399,0.174,0.19053
2020-04-17,0.1905,0.19185,0.18618,0.18863
2020-04-18,0.18863,0.19715,0.18838,0.19544
2020-04-19,0.19539,0.19638,0.18772,0.18901
2020-04-20,0.18892,0.19453,0.17821,0.18151
2020-04-21,0.18147,0.18637,0.18109,0.18341
2020-04-22,0.18342,0.18964,0.18202,0.18804

===== Patch 45 =====
2020-04-23,0.18803,0.19951,0.18558,0.1926
2020-04-24,0.19261,0.19695,0.19197,0.19325
2020-04-25,0.19327,0.19776,0.1916,0.19418
2020-04-26,0.19414,0.19775,0.19133,0.19618
2020-04-27,0.1962,0.19979,0.19407,0.19747
2020-04-28,0.1975,0.21806,0.19459,0.21416
2020-04-29,0.21415,0.23075,0.20981,0.22648
2020-04-30,0.22644,0.2359,0.20816,0.21135
2020-05-01,0.21135,0.22418,0.21117,0.21786
2020-05-02,0.21785,0.22575,0.21534,0.22369
2020-05-03,0.22377,0.22667,0.2154,0.21936
2020-05-04,0.21936,0.22057,0.20713,0.21776
2020-05-05,0.21777,0.22213,0.21316,0.21688
2020-05-06,0.21688,0.2224,0.21029,0.21158
2020-05-07,0.21172,0.2211,0.20934,0.21862
2020-05-08,0.2186,0.22199,0.21423,0.21865

===== Patch 46 =====
2020-05-09,0.21865,0.225,0.21554,0.21642
2020-05-10,0.21642,0.21651,0.178,0.19702
2020-05-11,0.19708,0.20031,0.184,0.19254
2020-05-12,0.19254,0.2001,0.19128,0.19711
2020-05-13,0.1971,0.20429,0.19564,0.20177
2020-05-14,0.20176,0.20636,0.19838,0.20386
2020-05-15,0.20379,0.20467,0.19505,0.19818
2020-05-16,0.19818,0.2025,0.19664,0.19969
2020-05-17,0.19969,0.20465,0.19889,0.20131
2020-05-18,0.20132,0.20805,0.2007,0.20543
2020-05-19,0.20537,0.20668,0.20087,0.20496
2020-05-20,0.20486,0.20624,0.1975,0.20179
2020-05-21,0.20178,0.20305,0.18928,0.19434
2020-05-22,0.19434,0.2025,0.19212,0.20034
2020-05-23,0.20032,0.20216,0.19793,0.19883
2020-05-24,0.19883,0.20122,0.19222,0.19256

===== Patch 47 =====
2020-05-25,0.19263,0.19719,0.18972,0.19622
2020-05-26,0.19622,0.19695,0.19139,0.19372
2020-05-27,0.19371,0.20048,0.19355,0.19791
2020-05-28,0.19792,0.20095,0.19502,0.20052
2020-05-29,0.20052,0.20292,0.19622,0.19759
2020-05-30,0.19762,0.208,0.19596,0.20701
2020-05-31,0.207,0.21356,0.20026,0.20245
2020-06-01,0.20241,0.21268,0.20112,0.211
2020-06-02,0.21093,0.2147,0.1961,0.20301
2020-06-03,0.20294,0.20487,0.2008,0.2041
2020-06-04,0.20413,0.20724,0.19957,0.20427
2020-06-05,0.20432,0.20585,0.20129,0.20274
2020-06-06,0.20274,0.20484,0.20125,0.20361
2020-06-07,0.2036,0.20496,0.19839,0.20329
2020-06-08,0.20327,0.20444,0.20116,0.20403
2020-06-09,0.20406,0.20528,0.2,0.20127

===== Patch 48 =====
2020-06-10,0.20135,0.20388,0.1985,0.20266
2020-06-11,0.20266,0.2036,0.1846,0.18817
2020-06-12,0.18823,0.19505,0.1869,0.19307
2020-06-13,0.19308,0.19379,0.19076,0.19234
2020-06-14,0.19238,0.19249,0.1887,0.19022
2020-06-15,0.19022,0.19344,0.18202,0.19238
2020-06-16,0.19238,0.19404,0.19007,0.19238
2020-06-17,0.19236,0.19895,0.18846,0.19315
2020-06-18,0.19315,0.19325,0.18802,0.18975
2020-06-19,0.18975,0.19036,0.18658,0.18722
2020-06-20,0.18724,0.18897,0.18488,0.18792
2020-06-21,0.18793,0.18848,0.18565,0.18602
2020-06-22,0.18602,0.19051,0.18569,0.18928
2020-06-23,0.18933,0.19042,0.18831,0.18889
2020-06-24,0.18889,0.19016,0.1799,0.18348
2020-06-25,0.18344,0.18414,0.17849,0.18156

===== Patch 49 =====
2020-06-26,0.18156,0.18694,0.17848,0.18249
2020-06-27,0.18247,0.1835,0.169,0.17509
2020-06-28,0.1751,0.17983,0.17337,0.17693
2020-06-29,0.17694,0.17939,0.17487,0.17726
2020-06-30,0.17737,0.17775,0.17487,0.17533
2020-07-01,0.17533,0.17814,0.17373,0.17647
2020-07-02,0.17645,0.1777,0.172,0.17477
2020-07-03,0.17476,0.17865,0.1743,0.1762
2020-07-04,0.17618,0.17964,0.17593,0.17808
2020-07-05,0.1781,0.1788,0.17372,0.17695
2020-07-06,0.17691,0.18934,0.17644,0.18875
2020-07-07,0.18876,0.18969,0.18312,0.18508
2020-07-08,0.18508,0.20669,0.18382,0.20551
2020-07-09,0.20544,0.21186,0.19667,0.20263
2020-07-10,0.20263,0.20272,0.19252,0.19909
2020-07-11,0.19906,0.20482,0.19792,0.2011

===== Patch 50 =====
2020-07-12,0.20112,0.20401,0.19758,0.20128
2020-07-13,0.20122,0.2066,0.191,0.19867
2020-07-14,0.19866,0.19978,0.195,0.19909
2020-07-15,0.19908,0.1999,0.19635,0.19721
2020-07-16,0.19722,0.19756,0.18822,0.19444
2020-07-17,0.19447,0.19824,0.19125,0.1944
2020-07-18,0.19441,0.20203,0.19392,0.1999
2020-07-19,0.19989,0.20205,0.19574,0.19956
2020-07-20,0.19961,0.20019,0.19194,0.19465
2020-07-21,0.19465,0.201,0.19386,0.19949
2020-07-22,0.19946,0.20441,0.196,0.20348
2020-07-23,0.20351,0.21584,0.20142,0.20851
2020-07-24,0.20847,0.20855,0.20189,0.20392
2020-07-25,0.20393,0.21756,0.2035,0.21463
2020-07-26,0.21462,0.22499,0.21255,0.21532
2020-07-27,0.21528,0.23,0.20861,0.22437

===== Patch 51 =====
2020-07-28,0.22445,0.23476,0.217,0.23029
2020-07-29,0.23031,0.25,0.22919,0.24327
2020-07-30,0.24323,0.24954,0.233,0.24408
2020-07-31,0.24407,0.26042,0.24158,0.25939
2020-08-01,0.25938,0.29739,0.25557,0.29089
2020-08-02,0.29089,0.32628,0.2476,0.28803
2020-08-03,0.28809,0.31999,0.28357,0.31016
2020-08-04,0.31008,0.31926,0.29038,0.30138
2020-08-05,0.30137,0.30813,0.2908,0.30228
2020-08-06,0.30233,0.31126,0.29722,0.30311
2020-08-07,0.30309,0.31037,0.27936,0.29437
2020-08-08,0.29444,0.2987,0.2898,0.29527
2020-08-09,0.29532,0.29839,0.28215,0.2879
2020-08-10,0.28792,0.30008,0.28301,0.29469
2020-08-11,0.29468,0.30736,0.26727,0.2831
2020-08-12,0.28308,0.28737,0.27139,0.28233

===== Patch 52 =====
2020-08-13,0.28233,0.29561,0.27243,0.2942
2020-08-14,0.2942,0.3073,0.28918,0.29995
2020-08-15,0.29995,0.30537,0.2907,0.29884
2020-08-16,0.2989,0.3048,0.29186,0.30455
2020-08-17,0.3046,0.32689,0.29702,0.31539
2020-08-18,0.31535,0.32156,0.29614,0.30251
2020-08-19,0.3025,0.30616,0.27809,0.28975
2020-08-20,0.28969,0.29465,0.28431,0.29218
2020-08-21,0.29217,0.29585,0.27671,0.27933
2020-08-22,0.27935,0.28663,0.2733,0.28592
2020-08-23,0.28589,0.28808,0.27698,0.2848
2020-08-24,0.2848,0.292,0.28224,0.2884
2020-08-25,0.2884,0.28959,0.27,0.27625
2020-08-26,0.27628,0.28078,0.2739,0.27653
2020-08-27,0.27645,0.27833,0.25453,0.26469
2020-08-28,0.26478,0.2732,0.26,0.27174

===== Patch 53 =====
2020-08-29,0.27166,0.27685,0.26865,0.2738
2020-08-30,0.27375,0.28389,0.27375,0.28302
2020-08-31,0.28302,0.2845,0.27804,0.28115
2020-09-01,0.28115,0.29884,0.27574,0.29521
2020-09-02,0.29515,0.304,0.2622,0.27595
2020-09-03,0.27594,0.2765,0.238,0.24409
2020-09-04,0.24404,0.26582,0.24012,0.25385
2020-09-05,0.25385,0.25951,0.231,0.23738
2020-09-06,0.23737,0.24358,0.22937,0.23986
2020-09-07,0.23987,0.24292,0.22962,0.24198
2020-09-08,0.24202,0.24365,0.2312,0.23657
2020-09-09,0.23658,0.24278,0.23303,0.23901
2020-09-10,0.239,0.24871,0.23878,0.24302
2020-09-11,0.24302,0.2444,0.23683,0.24252
2020-09-12,0.24252,0.24879,0.24019,0.24752
2020-09-13,0.24749,0.2535,0.23757,0.24218

===== Patch 54 =====
2020-09-14,0.24214,0.2484,0.23901,0.24564
2020-09-15,0.24562,0.2494,0.24225,0.24331
2020-09-16,0.24331,0.25117,0.2341,0.24686
2020-09-17,0.24682,0.2586,0.24601,0.25214
2020-09-18,0.25208,0.25522,0.2463,0.25065
2020-09-19,0.25065,0.25497,0.24733,0.25112
2020-09-20,0.25112,0.25125,0.2423,0.24652
2020-09-21,0.24657,0.24809,0.22915,0.23102
2020-09-22,0.23104,0.23459,0.22916,0.23302
2020-09-23,0.23301,0.2352,0.22017,0.22164
2020-09-24,0.22164,0.23401,0.21944,0.23276
2020-09-25,0.23277,0.24477,0.2295,0.24154
2020-09-26,0.24154,0.24568,0.23764,0.24153
2020-09-27,0.24147,0.24474,0.23729,0.24334
2020-09-28,0.24329,0.24851,0.23979,0.24107
2020-09-29,0.2411,0.24662,0.2383,0.24285

===== Patch 55 =====
2020-09-30,0.24286,0.24289,0.2375,0.24171
2020-10-01,0.24172,0.24452,0.23372,0.23819
2020-10-02,0.23813,0.23937,0.22829,0.23386
2020-10-03,0.23387,0.23499,0.23254,0.23273
2020-10-04,0.23274,0.25024,0.23159,0.24794
2020-10-05,0.24794,0.25442,0.24628,0.2503
2020-10-06,0.25034,0.25932,0.24021,0.24545
2020-10-07,0.24549,0.25141,0.24077,0.2487
2020-10-08,0.24871,0.25297,0.24206,0.25141
2020-10-09,0.25141,0.25665,0.24935,0.25293
2020-10-10,0.25293,0.26071,0.25265,0.25402
2020-10-11,0.25401,0.25842,0.25321,0.25544
2020-10-12,0.25545,0.25826,0.24732,0.25603
2020-10-13,0.25602,0.25997,0.25267,0.2565
2020-10-14,0.25658,0.2584,0.24593,0.24906
2020-10-15,0.24906,0.25014,0.24287,0.24596

===== Patch 56 =====
2020-10-16,0.24584,0.24787,0.2375,0.24011
2020-10-17,0.24014,0.24329,0.23853,0.24057
2020-10-18,0.24059,0.24362,0.24005,0.24221
2020-10-19,0.2422,0.24945,0.24011,0.24558
2020-10-20,0.24557,0.25039,0.2411,0.24322
2020-10-21,0.24324,0.25555,0.24249,0.25088
2020-10-22,0.2508,0.26357,0.25077,0.25709
2020-10-23,0.25703,0.25921,0.25005,0.25471
2020-10-24,0.25472,0.25763,0.25253,0.2562
2020-10-25,0.2562,0.25714,0.25105,0.25313
2020-10-26,0.25313,0.2591,0.24341,0.2481
2020-10-27,0.24811,0.25398,0.24743,0.25273
2020-10-28,0.25273,0.25666,0.2444,0.2454
2020-10-29,0.2454,0.24702,0.2396,0.24239
2020-10-30,0.24232,0.24402,0.23057,0.23905
2020-10-31,0.23906,0.24351,0.23743,0.23968

===== Patch 57 =====
2020-11-01,0.2396,0.24138,0.23648,0.23999
2020-11-02,0.23999,0.2452,0.23264,0.23523
2020-11-03,0.23526,0.24425,0.22772,0.2396
2020-11-04,0.2396,0.24045,0.23213,0.23758
2020-11-05,0.23759,0.24743,0.23712,0.24561
2020-11-06,0.24569,0.2614,0.24508,0.25863
2020-11-07,0.2586,0.26733,0.24419,0.2491
2020-11-08,0.24913,0.25701,0.24724,0.25374
2020-11-09,0.25368,0.2562,0.24557,0.25059
2020-11-10,0.25058,0.265,0.24806,0.2538
2020-11-11,0.25379,0.26,0.25209,0.25581
2020-11-12,0.25581,0.25818,0.2525,0.2549
2020-11-13,0.2549,0.2659,0.2535,0.2659
2020-11-14,0.26587,0.2777,0.26128,0.26824
2020-11-15,0.26829,0.27677,0.26405,0.26954
2020-11-16,0.26957,0.28998,0.26737,0.28813

===== Patch 58 =====
2020-11-17,0.28814,0.305,0.28722,0.30247
2020-11-18,0.30247,0.30818,0.28055,0.29335
2020-11-19,0.29333,0.30659,0.284,0.30358
2020-11-20,0.30356,0.33091,0.29679,0.32991
2020-11-21,0.32993,0.4695,0.32929,0.46283
2020-11-22,0.46283,0.49659,0.40155,0.44611
2020-11-23,0.44592,0.61984,0.43232,0.61579
2020-11-24,0.61562,0.78068,0.56777,0.694
2020-11-25,0.69399,0.725,0.58405,0.63022
2020-11-26,0.63024,0.652,0.456,0.53654
2020-11-27,0.53649,0.58669,0.50345,0.5623
2020-11-28,0.5625,0.64888,0.5387,0.62579
2020-11-29,0.62573,0.637,0.58285,0.60543
2020-11-30,0.60543,0.6791,0.59881,0.66417
2020-12-01,0.66378,0.681,0.56401,0.61088
2020-12-02,0.6113,0.6368,0.59455,0.62972

===== Patch 59 =====
2020-12-03,0.62969,0.6418,0.6149,0.63046
2020-12-04,0.63046,0.6342,0.54253,0.55367
2020-12-05,0.55355,0.59628,0.54833,0.58517
2020-12-06,0.58516,0.62801,0.57907,0.62107
2020-12-07,0.62096,0.624,0.59084,0.60818
2020-12-08,0.60822,0.61048,0.55,0.5589
2020-12-09,0.55897,0.60544,0.50383,0.58265
2020-12-10,0.58284,0.58848,0.55318,0.57267
2020-12-11,0.57267,0.58697,0.52594,0.54945
2020-12-12,0.54847,0.55102,0.48521,0.50658
2020-12-13,0.50658,0.5278,0.4855,0.51365
2020-12-14,0.51366,0.51852,0.48901,0.4974
2020-12-15,0.49737,0.50715,0.46433,0.46793
2020-12-16,0.46793,0.57477,0.43722,0.56941
2020-12-17,0.56938,0.65852,0.5358,0.5769
2020-12-18,0.57685,0.61346,0.55101,0.58337

===== Patch 60 =====
2020-12-19,0.58335,0.60377,0.56588,0.57666
2020-12-20,0.57692,0.58658,0.5287,0.55586
2020-12-21,0.55576,0.56935,0.49825,0.51445
2020-12-22,0.51469,0.52213,0.40215,0.44642
2020-12-23,0.44636,0.44842,0.21164,0.2605
2020-12-24,0.2605,0.3778,0.24003,0.33863
2020-12-25,0.33865,0.3855,0.2797,0.31768
2020-12-26,0.3179,0.32723,0.28303,0.29481
2020-12-27,0.29484,0.312,0.266,0.28407
2020-12-28,0.28401,0.31,0.2341,0.24845
2020-12-29,0.24832,0.25167,0.17351,0.22142
2020-12-30,0.22142,0.23665,0.19186,0.21138
2020-12-31,0.21133,0.22949,0.20521,0.21959
2021-01-01,0.21953,0.25,0.216,0.23746
2021-01-02,0.2374,0.23823,0.21084,0.22064
2021-01-03,0.22064,0.23852,0.215,0.2254

===== Patch 61 =====
2021-01-04,0.2254,0.26091,0.218,0.23565
2021-01-05,0.23568,0.24269,0.21774,0.22573
2021-01-06,0.22577,0.2745,0.22139,0.24854
2021-01-07,0.24856,0.37,0.2453,0.32389
2021-01-08,0.32389,0.3467,0.28487,0.32032
2021-01-09,0.32049,0.3395,0.30523,0.32419
2021-01-10,0.32419,0.368,0.28708,0.31491
2021-01-11,0.31487,0.31627,0.25343,0.28743
2021-01-12,0.28742,0.31003,0.27743,0.29254
2021-01-13,0.29241,0.31,0.2848,0.30582
2021-01-14,0.3057,0.309,0.28334,0.29642
2021-01-15,0.29648,0.30337,0.261,0.27991
2021-01-16,0.27987,0.29666,0.27503,0.27924
2021-01-17,0.2792,0.28572,0.26846,0.27746
2021-01-18,0.27741,0.28875,0.27144,0.28528
2021-01-19,0.28529,0.33,0.28396,0.29396

===== Patch 62 =====
2021-01-20,0.29395,0.31184,0.28,0.29539
2021-01-21,0.29553,0.30797,0.25992,0.26802
2021-01-22,0.26786,0.27826,0.24021,0.27217
2021-01-23,0.27216,0.28356,0.26545,0.27167
2021-01-24,0.27169,0.27798,0.26804,0.27339
2021-01-25,0.27335,0.285,0.26679,0.26757
2021-01-26,0.26751,0.27095,0.258,0.26834
2021-01-27,0.26837,0.26871,0.24388,0.25039
2021-01-28,0.25058,0.27,0.24699,0.26407
2021-01-29,0.26413,0.31724,0.25915,0.2829
2021-01-30,0.2829,0.5178,0.278,0.44372
2021-01-31,0.44369,0.51,0.385,0.49507
2021-02-01,0.49516,0.755,0.35928,0.37106
2021-02-02,0.37123,0.41123,0.3401,0.37254
2021-02-03,0.37254,0.419,0.37254,0.39721
2021-02-04,0.39721,0.48159,0.37885,0.44545

===== Patch 63 =====
2021-02-05,0.44535,0.47222,0.4241,0.45219
2021-02-06,0.45195,0.45688,0.42,0.44307
2021-02-07,0.44307,0.45089,0.39123,0.41849
2021-02-08,0.41848,0.4692,0.4125,0.45099
2021-02-09,0.45098,0.49,0.44901,0.47636
2021-02-10,0.47637,0.54224,0.45,0.50429
2021-02-11,0.50422,0.53545,0.49982,0.52806
2021-02-12,0.52824,0.61922,0.51871,0.609
2021-02-13,0.609,0.64244,0.54306,0.63309
2021-02-14,0.63309,0.63981,0.56111,0.59211
2021-02-15,0.59217,0.6043,0.50891,0.54976
2021-02-16,0.54987,0.58005,0.48111,0.51995
2021-02-17,0.5198,0.55751,0.49336,0.53467
2021-02-18,0.5346,0.55995,0.51901,0.53204
2021-02-19,0.53217,0.58195,0.5131,0.56465
2021-02-20,0.56478,0.58235,0.47231,0.51167

===== Patch 64 =====
2021-02-21,0.5115,0.55858,0.50311,0.54468
2021-02-22,0.54468,0.65155,0.51,0.56646
2021-02-23,0.56637,0.57172,0.365,0.47579
2021-02-24,0.4758,0.49999,0.4512,0.4686
2021-02-25,0.46864,0.48233,0.4244,0.43601
2021-02-26,0.43599,0.45067,0.41111,0.42788
2021-02-27,0.42794,0.45945,0.42681,0.43589
2021-02-28,0.43586,0.43876,0.39268,0.41565
2021-03-01,0.4157,0.454,0.41207,0.44537
2021-03-02,0.44537,0.45532,0.42159,0.4357
2021-03-03,0.43572,0.46869,0.43011,0.44846
2021-03-04,0.44841,0.49449,0.43411,0.48096
2021-03-05,0.4812,0.48488,0.44575,0.45457
2021-03-06,0.45441,0.4765,0.44901,0.46285
2021-03-07,0.46292,0.4689,0.45641,0.46558
2021-03-08,0.46579,0.48987,0.45505,0.47412

===== Patch 65 =====
2021-03-09,0.47413,0.48736,0.471,0.4849
2021-03-10,0.48481,0.4887,0.4545,0.46155
2021-03-11,0.4617,0.46427,0.44058,0.45187
2021-03-12,0.45187,0.46488,0.42205,0.43934
2021-03-13,0.43934,0.46646,0.43205,0.45787
2021-03-14,0.45786,0.46155,0.43857,0.43905
2021-03-15,0.439,0.44815,0.42268,0.43574
2021-03-16,0.43566,0.52221,0.42723,0.46024
2021-03-17,0.46037,0.48245,0.45317,0.4698
2021-03-18,0.46993,0.4905,0.46558,0.46893
2021-03-19,0.46899,0.47536,0.45848,0.46651
2021-03-20,0.4665,0.54999,0.46424,0.52613
2021-03-21,0.52584,0.54691,0.49508,0.51651
2021-03-22,0.51661,0.6,0.50082,0.5441
2021-03-23,0.54403,0.59638,0.5378,0.5498
2021-03-24,0.54945,0.56302,0.45212,0.48021

===== Patch 66 =====
2021-03-25,0.48022,0.5248,0.454,0.51058
2021-03-26,0.51034,0.57689,0.50999,0.56357
2021-03-27,0.56348,0.57464,0.5342,0.54752
2021-03-28,0.54735,0.56075,0.53879,0.54552
2021-03-29,0.5455,0.57082,0.54317,0.56538
2021-03-30,0.56528,0.588,0.55903,0.5621
2021-03-31,0.56207,0.57682,0.52624,0.56982
2021-04-01,0.5698,0.59555,0.54864,0.57087
2021-04-02,0.57061,0.61,0.56522,0.60701
2021-04-03,0.60701,0.64262,0.573,0.57831
2021-04-04,0.57836,0.63599,0.56591,0.635
2021-04-05,0.63501,0.93999,0.6194,0.91584
2021-04-06,0.91584,1.119,0.7931,1.09663
2021-04-07,1.09666,1.10882,0.856,0.91542
2021-04-08,0.91544,1.07294,0.90128,1.05599
2021-04-09,1.05571,1.0849,0.9808,1.01721

===== Patch 67 =====
2021-04-10,1.01754,1.399,1.00617,1.3728
2021-04-11,1.37215,1.5,1.305,1.35118
2021-04-12,1.35118,1.475,1.31804,1.46843
2021-04-13,1.4685,1.88888,1.41778,1.79611
2021-04-14,1.79607,1.96689,1.56001,1.83468
2021-04-15,1.83396,1.885,1.65243,1.75781
2021-04-16,1.75781,1.81041,1.42,1.54805
2021-04-17,1.54805,1.74163,1.52991,1.53896
2021-04-18,1.53988,1.56505,1.16,1.40797
2021-04-19,1.40797,1.5339,1.251,1.30945
2021-04-20,1.30941,1.44796,1.18,1.38501
2021-04-21,1.385,1.4645,1.27545,1.29097
2021-04-22,1.2911,1.41947,1.0859,1.15489
2021-04-23,1.15489,1.19724,0.88601,1.17073
2021-04-24,1.17019,1.172,1.01753,1.04833
2021-04-25,1.04971,1.156,0.9418,1.0351

===== Patch 68 =====
2021-04-26,1.0353,1.375,1.0133,1.3629
2021-04-27,1.3629,1.462,1.3284,1.4017
2021-04-28,1.4017,1.4492,1.2814,1.3576
2021-04-29,1.3576,1.42,1.3263,1.3978
2021-04-30,1.3978,1.6397,1.3745,1.5988
2021-05-01,1.5989,1.6666,1.5226,1.651
2021-05-02,1.651,1.658,1.525,1.5605
2021-05-03,1.5605,1.6216,1.47,1.5546
2021-05-04,1.5546,1.558,1.32,1.3877
2021-05-05,1.3878,1.624,1.366,1.6133
2021-05-06,1.6137,1.7658,1.521,1.6028
2021-05-07,1.6028,1.695,1.505,1.5793
2021-05-08,1.5795,1.6277,1.5404,1.5611
2021-05-09,1.5611,1.5968,1.4249,1.5345
2021-05-10,1.5343,1.627,1.214,1.3906
2021-05-11,1.391,1.4905,1.3555,1.4786

===== Patch 69 =====
2021-05-12,1.4788,1.547,1.235,1.2691
2021-05-13,1.269,1.389,1.2,1.364
2021-05-14,1.3644,1.4488,1.321,1.4
2021-05-15,1.3998,1.5869,1.3211,1.4904
2021-05-16,1.4911,1.6131,1.3373,1.4496
2021-05-17,1.4496,1.565,1.3242,1.4946
2021-05-18,1.4952,1.705,1.4698,1.5889
2021-05-19,1.5893,1.6448,0.85,1.0568
2021-05-20,1.0565,1.2664,0.9,1.1795
2021-05-21,1.1802,1.2194,0.8641,1.0062
2021-05-22,1.0062,1.0162,0.816,0.9052
2021-05-23,0.9052,0.9679,0.65,0.7898
2021-05-24,0.7899,0.997,0.7537,0.993
2021-05-25,0.9934,1.07,0.8791,0.9746
2021-05-26,0.9747,1.0698,0.9461,1.0316
2021-05-27,1.0316,1.0423,0.9322,0.9747

===== Patch 70 =====
2021-05-28,0.9747,0.9847,0.8445,0.8985
2021-05-29,0.8985,0.9413,0.7911,0.8318
2021-05-30,0.8319,0.9337,0.7974,0.9058
2021-05-31,0.9058,1.0495,0.8789,1.0409
2021-06-01,1.0409,1.1,0.9742,1.0108
2021-06-02,1.0108,1.0498,0.9793,1.0241
2021-06-03,1.0241,1.0789,1.0069,1.045
2021-06-04,1.0453,1.0466,0.9156,0.9683
2021-06-05,0.9683,0.9973,0.8921,0.923
2021-06-06,0.923,0.9493,0.917,0.947
2021-06-07,0.9469,0.976,0.838,0.8618
2021-06-08,0.8619,0.8861,0.7838,0.8731
2021-06-09,0.873,0.9218,0.83,0.9218
2021-06-10,0.9218,0.9298,0.8522,0.8686
2021-06-11,0.8686,0.88,0.8335,0.8471
2021-06-12,0.8469,0.8479,0.8054,0.8326

===== Patch 71 =====
2021-06-13,0.8325,0.8883,0.817,0.8832
2021-06-14,0.8833,0.93,0.8628,0.8906
2021-06-15,0.8905,0.9017,0.8551,0.8663
2021-06-16,0.8663,0.8733,0.8259,0.832
2021-06-17,0.8319,0.8612,0.8234,0.8419
2021-06-18,0.8419,0.845,0.7687,0.7972
2021-06-19,0.7971,0.8055,0.7557,0.7582
2021-06-20,0.7583,0.785,0.6968,0.7741
2021-06-21,0.7741,0.7803,0.6037,0.6067
2021-06-22,0.6068,0.65,0.509,0.5468
2021-06-23,0.5468,0.6655,0.5203,0.6383
2021-06-24,0.6383,0.6928,0.6163,0.6731
2021-06-25,0.6731,0.6889,0.6019,0.6111
2021-06-26,0.611,0.6329,0.5814,0.6162
2021-06-27,0.6163,0.6523,0.5963,0.6484
2021-06-28,0.6483,0.6583,0.6238,0.6444

===== Patch 72 =====
2021-06-29,0.6444,0.734,0.6417,0.7063
2021-06-30,0.7062,0.7145,0.6477,0.7063
2021-07-01,0.7062,0.7064,0.644,0.6591
2021-07-02,0.6592,0.6676,0.6329,0.6556
2021-07-03,0.6557,0.6849,0.6433,0.6732
2021-07-04,0.6733,0.7091,0.6655,0.696
2021-07-05,0.696,0.697,0.6444,0.6526
2021-07-06,0.6526,0.68,0.6511,0.6648
2021-07-07,0.6648,0.674,0.65,0.6522
2021-07-08,0.6521,0.6545,0.6108,0.6215
2021-07-09,0.6214,0.6457,0.5917,0.6369
2021-07-10,0.6369,0.6489,0.612,0.6246
2021-07-11,0.6246,0.6449,0.6169,0.6364
2021-07-12,0.6363,0.6575,0.6172,0.6288
2021-07-13,0.6288,0.6426,0.6086,0.6192
2021-07-14,0.6193,0.625,0.5851,0.6197

===== Patch 73 =====
2021-07-15,0.6196,0.6269,0.5874,0.5979
2021-07-16,0.5979,0.6211,0.5874,0.5893
2021-07-17,0.5893,0.5977,0.56,0.5821
2021-07-18,0.5822,0.6016,0.571,0.5866
2021-07-19,0.5867,0.5889,0.5533,0.557
2021-07-20,0.557,0.5699,0.5157,0.5284
2021-07-21,0.5284,0.584,0.5193,0.5719
2021-07-22,0.5718,0.6033,0.5609,0.592
2021-07-23,0.592,0.6101,0.5753,0.6091
2021-07-24,0.6092,0.6205,0.5996,0.6085
2021-07-25,0.6085,0.6118,0.5906,0.6069
2021-07-26,0.6069,0.6793,0.6048,0.6234
2021-07-27,0.6234,0.6528,0.6121,0.6451
2021-07-28,0.645,0.7549,0.6308,0.7327
2021-07-29,0.7327,0.7665,0.697,0.7488
2021-07-30,0.7488,0.7697,0.7115,0.7521

===== Patch 74 =====
2021-07-31,0.7522,0.7591,0.7367,0.746
2021-08-01,0.7461,0.7778,0.7042,0.7242
2021-08-02,0.7242,0.774,0.715,0.738
2021-08-03,0.738,0.745,0.7008,0.7136
2021-08-04,0.7136,0.7398,0.6952,0.731
2021-08-05,0.731,0.7389,0.701,0.7327
2021-08-06,0.7327,0.753,0.7219,0.7474
2021-08-07,0.7474,0.8189,0.7411,0.8162
2021-08-08,0.8163,0.8413,0.7717,0.7788
2021-08-09,0.7788,0.8279,0.7596,0.817
2021-08-10,0.8169,0.8622,0.8,0.8511
2021-08-11,0.8511,1.0906,0.848,1.0105
2021-08-12,1.0106,1.045,0.9222,0.966
2021-08-13,0.9661,1.0968,0.9501,1.0901
2021-08-14,1.0901,1.31,1.0691,1.2791
2021-08-15,1.2788,1.35,1.2252,1.2839

===== Patch 75 =====
2021-08-16,1.2838,1.3288,1.1432,1.1855
2021-08-17,1.1855,1.2479,1.085,1.0978
2021-08-18,1.098,1.1963,1.0501,1.1431
2021-08-19,1.143,1.2355,1.0895,1.2347
2021-08-20,1.2347,1.2897,1.1992,1.2629
2021-08-21,1.2629,1.2835,1.2,1.2158
2021-08-22,1.2158,1.2557,1.1776,1.226
2021-08-23,1.2258,1.3046,1.2024,1.2457
2021-08-24,1.2456,1.2658,1.1212,1.1353
2021-08-25,1.1353,1.1779,1.1073,1.1735
2021-08-26,1.1735,1.1866,1.0636,1.0712
2021-08-27,1.0713,1.1926,1.0501,1.1918
2021-08-28,1.1918,1.198,1.1329,1.1459
2021-08-29,1.1458,1.1683,1.112,1.1408
2021-08-30,1.1408,1.1488,1.0946,1.1002
2021-08-31,1.1005,1.2441,1.0907,1.1856

===== Patch 76 =====
2021-09-01,1.1856,1.2384,1.158,1.2362
2021-09-02,1.2362,1.295,1.2216,1.2533
2021-09-03,1.2533,1.3235,1.2189,1.2907
2021-09-04,1.2906,1.2972,1.2352,1.2548
2021-09-05,1.2548,1.3125,1.2361,1.3076
2021-09-06,1.3075,1.4151,1.3065,1.3894
2021-09-07,1.3894,1.3922,0.9524,1.1292
2021-09-08,1.129,1.148,1.0133,1.0998
2021-09-09,1.0999,1.1377,1.0619,1.0868
2021-09-10,1.0868,1.245,1.03,1.0552
2021-09-11,1.0552,1.12,1.0503,1.0787
2021-09-12,1.0788,1.1276,1.0576,1.1181
2021-09-13,1.1181,1.1266,1.025,1.0643
2021-09-14,1.0644,1.0978,1.0566,1.0963
2021-09-15,1.0962,1.13,1.0784,1.1207
2021-09-16,1.1207,1.13,1.0662,1.0902

===== Patch 77 =====
2021-09-17,1.0903,1.1025,1.0509,1.0661
2021-09-18,1.0663,1.0952,1.0562,1.0751
2021-09-19,1.0752,1.0837,1.0383,1.0483
2021-09-20,1.0483,1.0497,0.8738,0.9216
2021-09-21,0.9216,0.9593,0.8582,0.8743
2021-09-22,0.874,1.0094,0.8679,1.0033
2021-09-23,1.0033,1.017,0.9676,1.0016
2021-09-24,1.0016,1.0027,0.8858,0.944
2021-09-25,0.9442,0.9577,0.9163,0.94
2021-09-26,0.9399,0.9567,0.8915,0.9436
2021-09-27,0.9436,0.9818,0.9194,0.9218
2021-09-28,0.9217,0.9431,0.8903,0.8928
2021-09-29,0.8928,0.9941,0.8861,0.9268
2021-09-30,0.9266,0.964,0.9217,0.9533
2021-10-01,0.9535,1.0695,0.9443,1.0422
2021-10-02,1.0422,1.0733,1.0079,1.0359

===== Patch 78 =====
2021-10-03,1.0359,1.0884,1.021,1.0552
2021-10-04,1.0552,1.0596,1.0059,1.0425
2021-10-05,1.0429,1.088,1.038,1.0839
2021-10-06,1.084,1.1081,1.0171,1.0765
2021-10-07,1.0766,1.0942,1.0423,1.0678
2021-10-08,1.0677,1.0927,1.0539,1.0636
2021-10-09,1.0636,1.2089,1.0565,1.1604
2021-10-10,1.1604,1.23,1.1262,1.1352
2021-10-11,1.1352,1.182,1.1017,1.1364
2021-10-12,1.1363,1.1364,1.0634,1.1018
2021-10-13,1.1017,1.1387,1.075,1.1275
2021-10-14,1.1277,1.16,1.1174,1.1336
2021-10-15,1.1335,1.1656,1.0914,1.1413
2021-10-16,1.1415,1.1869,1.13,1.1343
2021-10-17,1.1343,1.1407,1.0172,1.0944
2021-10-18,1.0943,1.1064,1.0642,1.0827

===== Patch 79 =====
2021-10-19,1.0827,1.1009,1.0661,1.0911
2021-10-20,1.0911,1.1529,1.0868,1.1455
2021-10-21,1.1451,1.164,1.0851,1.0886
2021-10-22,1.0885,1.1288,1.0739,1.0885
2021-10-23,1.0885,1.1018,1.0763,1.0934
2021-10-24,1.0935,1.0961,1.0522,1.0821
2021-10-25,1.0821,1.1034,1.0778,1.0951
2021-10-26,1.0951,1.1606,1.0905,1.1075
2021-10-27,1.1076,1.1248,0.9483,0.995
2021-10-28,0.9951,1.0816,0.981,1.0579
2021-10-29,1.058,1.0903,1.0409,1.0825
2021-10-30,1.0825,1.1169,1.0611,1.0846
2021-10-31,1.0845,1.1544,1.0689,1.1128
2021-11-01,1.1128,1.1321,1.069,1.0915
2021-11-02,1.0916,1.1468,1.0851,1.1349
2021-11-03,1.1348,1.2363,1.1255,1.2101

===== Patch 80 =====
2021-11-04,1.21,1.2574,1.1604,1.2004
2021-11-05,1.2004,1.2015,1.1311,1.1581
2021-11-06,1.1581,1.1828,1.1,1.151
2021-11-07,1.1511,1.2374,1.1451,1.2198
2021-11-08,1.2198,1.296,1.2192,1.2815
2021-11-09,1.2815,1.2884,1.2245,1.2571
2021-11-10,1.2572,1.3493,1.1174,1.1902
2021-11-11,1.1902,1.2544,1.1764,1.2142
2021-11-12,1.2142,1.2332,1.1542,1.1883
2021-11-13,1.1884,1.2039,1.167,1.1892
2021-11-14,1.1894,1.1995,1.1675,1.1879
2021-11-15,1.1879,1.2198,1.1651,1.172
2021-11-16,1.172,1.1721,1.0418,1.0877
2021-11-17,1.0877,1.113,1.0588,1.0953
2021-11-18,1.0953,1.17,1.015,1.0406
2021-11-19,1.0406,1.103,1.0174,1.0892

===== Patch 81 =====
2021-11-20,1.0892,1.1015,1.0594,1.0965
2021-11-21,1.0965,1.0974,1.0544,1.0569
2021-11-22,1.0571,1.071,1.0251,1.0354
2021-11-23,1.0354,1.0715,1.0192,1.0661
2021-11-24,1.0662,1.0735,1.0068,1.0326
2021-11-25,1.0325,1.0647,1.0215,1.0438
2021-11-26,1.0439,1.0467,0.9108,0.9394
2021-11-27,0.9392,0.9656,0.9336,0.9452
2021-11-28,0.9453,0.9692,0.8825,0.9687
2021-11-29,0.9687,1.0019,0.9631,0.9898
2021-11-30,0.9899,1.0304,0.97,0.9983
2021-12-01,0.9984,1.0173,0.9799,0.9899
2021-12-02,0.9898,0.9901,0.9545,0.9716
2021-12-03,0.9715,0.9838,0.89,0.9211
2021-12-04,0.9211,0.9245,0.6,0.8449
2021-12-05,0.8452,0.862,0.769,0.8045

===== Patch 82 =====
2021-12-06,0.8045,0.8303,0.7485,0.8255
2021-12-07,0.8256,0.8467,0.8042,0.8154
2021-12-08,0.8154,0.8844,0.8026,0.8622
2021-12-09,0.8623,0.9361,0.8319,0.8583
2021-12-10,0.8583,0.8829,0.7914,0.7992
2021-12-11,0.7992,0.8445,0.7844,0.8392
2021-12-12,0.8391,0.8572,0.8088,0.8393
2021-12-13,0.8394,0.8444,0.7601,0.7818
2021-12-14,0.782,0.8214,0.7717,0.8103
2021-12-15,0.8102,0.84,0.777,0.8262
2021-12-16,0.8262,0.8364,0.8028,0.8051
2021-12-17,0.8053,0.8322,0.7754,0.7966
2021-12-18,0.7967,0.8347,0.791,0.8262
2021-12-19,0.8263,0.8485,0.819,0.835
2021-12-20,0.835,0.915,0.8241,0.8798
2021-12-21,0.8799,0.961,0.8527,0.9467

===== Patch 83 =====
2021-12-22,0.9466,0.9738,0.923,0.9537
2021-12-23,0.9538,1.0167,0.9372,0.9941
2021-12-24,0.9941,0.9966,0.8964,0.9115
2021-12-25,0.9114,0.935,0.8981,0.9252
2021-12-26,0.9252,0.9334,0.9052,0.92
2021-12-27,0.92,0.956,0.9141,0.9269
2021-12-28,0.9269,0.9269,0.8456,0.8515
2021-12-29,0.8516,0.8645,0.81,0.8171
2021-12-30,0.8172,0.86,0.802,0.8386
2021-12-31,0.8385,0.8545,0.8025,0.8297
2022-01-01,0.8298,0.8557,0.8297,0.8507
2022-01-02,0.8508,0.8667,0.8372,0.8586
2022-01-03,0.8586,0.8587,0.8213,0.8324
2022-01-04,0.8324,0.8456,0.7794,0.8228
2022-01-05,0.8227,0.8372,0.7092,0.7726
2022-01-06,0.7725,0.7909,0.7377,0.7791

===== Patch 84 =====
2022-01-07,0.779,0.7808,0.7287,0.7634
2022-01-08,0.7634,0.7768,0.7222,0.7452
2022-01-09,0.7452,0.7667,0.7381,0.753
2022-01-10,0.753,0.7589,0.6967,0.7399
2022-01-11,0.7399,0.7768,0.7306,0.7703
2022-01-12,0.7702,0.816,0.757,0.7987
2022-01-13,0.7986,0.8024,0.7604,0.768
2022-01-14,0.7677,0.8,0.7513,0.7732
2022-01-15,0.7733,0.79,0.768,0.7791
2022-01-16,0.7791,0.7884,0.768,0.7784
2022-01-17,0.7785,0.7805,0.7498,0.7617
2022-01-18,0.7616,0.7686,0.7352,0.7509
2022-01-19,0.751,0.7533,0.7231,0.7381
2022-01-20,0.7381,0.7622,0.7161,0.7199
2022-01-21,0.7199,0.7285,0.6112,0.6368
2022-01-22,0.6368,0.6542,0.5489,0.5966

===== Patch 85 =====
2022-01-23,0.5966,0.6352,0.59,0.6283
2022-01-24,0.6284,0.6286,0.5524,0.6118
2022-01-25,0.6118,0.6243,0.5872,0.618
2022-01-26,0.6178,0.6586,0.6047,0.6193
2022-01-27,0.6193,0.6247,0.5893,0.6088
2022-01-28,0.6089,0.614,0.5916,0.6111
2022-01-29,0.6112,0.6255,0.6083,0.6174
2022-01-30,0.6175,0.6232,0.5973,0.6013
2022-01-31,0.6012,0.6242,0.5803,0.6174
2022-02-01,0.6174,0.6308,0.6107,0.6284
2022-02-02,0.6284,0.6314,0.5955,0.6006
2022-02-03,0.6006,0.6116,0.5886,0.6102
2022-02-04,0.6101,0.6589,0.6044,0.6555
2022-02-05,0.6557,0.6869,0.65,0.6656
2022-02-06,0.6656,0.688,0.6589,0.6825
2022-02-07,0.6825,0.839,0.6712,0.8314

===== Patch 86 =====
2022-02-08,0.8314,0.9142,0.8034,0.8763
2022-02-09,0.8763,0.9168,0.8413,0.8697
2022-02-10,0.8699,0.8975,0.821,0.8253
2022-02-11,0.8253,0.8339,0.75,0.7591
2022-02-12,0.759,0.8532,0.7465,0.8223
2022-02-13,0.8223,0.8476,0.792,0.8057
2022-02-14,0.8057,0.8127,0.7791,0.8012
2022-02-15,0.8012,0.8599,0.7961,0.8515
2022-02-16,0.8514,0.8532,0.8086,0.8366
2022-02-17,0.8367,0.8448,0.7535,0.769
2022-02-18,0.7689,0.8055,0.756,0.784
2022-02-19,0.7841,0.8547,0.7696,0.8215
2022-02-20,0.8215,0.8234,0.7643,0.7769
2022-02-21,0.7769,0.802,0.6953,0.7018
2022-02-22,0.7018,0.7266,0.6686,0.7209
2022-02-23,0.7209,0.7441,0.6924,0.6967

===== Patch 87 =====
2022-02-24,0.6967,0.7226,0.6215,0.6963
2022-02-25,0.6962,0.7807,0.6826,0.7699
2022-02-26,0.7698,0.7955,0.7403,0.7508
2022-02-27,0.7508,0.7677,0.7032,0.7215
2022-02-28,0.7216,0.7938,0.7075,0.7809
2022-03-01,0.7809,0.8039,0.7574,0.7839
2022-03-02,0.784,0.7848,0.7562,0.7687
2022-03-03,0.7688,0.7897,0.7336,0.7515
2022-03-04,0.7514,0.755,0.6942,0.7127
2022-03-05,0.7127,0.7693,0.7049,0.754
2022-03-06,0.7539,0.7589,0.7211,0.7251
2022-03-07,0.7252,0.7544,0.7033,0.7197
2022-03-08,0.7196,0.7313,0.7135,0.7207
2022-03-09,0.7208,0.775,0.7199,0.7658
2022-03-10,0.7659,0.7797,0.7215,0.7361
2022-03-11,0.7361,0.814,0.725,0.8029

===== Patch 88 =====
2022-03-12,0.8028,0.849,0.7783,0.7857
2022-03-13,0.7857,0.8057,0.7508,0.7602
2022-03-14,0.7602,0.7779,0.745,0.7748
2022-03-15,0.7747,0.7768,0.7413,0.7657
2022-03-16,0.7658,0.7945,0.7569,0.7919
2022-03-17,0.7919,0.802,0.783,0.7935
2022-03-18,0.7936,0.8007,0.7762,0.7965
2022-03-19,0.7964,0.8268,0.7915,0.8194
2022-03-20,0.8195,0.822,0.795,0.8057
2022-03-21,0.8057,0.8549,0.7875,0.8373
2022-03-22,0.8372,0.8653,0.8273,0.8366
2022-03-23,0.8366,0.846,0.8171,0.8376
2022-03-24,0.8376,0.85,0.8272,0.8428
2022-03-25,0.8428,0.8459,0.8185,0.8239
2022-03-26,0.8239,0.8349,0.8206,0.8327
2022-03-27,0.8326,0.8582,0.8275,0.858

===== Patch 89 =====
2022-03-28,0.8579,0.93,0.8528,0.8641
2022-03-29,0.864,0.8857,0.8389,0.8577
2022-03-30,0.8576,0.8718,0.8455,0.8613
2022-03-31,0.8613,0.8737,0.7794,0.8148
2022-04-01,0.8149,0.8343,0.807,0.8277
2022-04-02,0.8277,0.8499,0.8185,0.824
2022-04-03,0.824,0.8519,0.8143,0.8432
2022-04-04,0.8432,0.844,0.8041,0.826
2022-04-05,0.8261,0.8366,0.8145,0.8164
2022-04-06,0.8164,0.8184,0.7555,0.7595
2022-04-07,0.7594,0.7911,0.7523,0.7871
2022-04-08,0.787,0.7944,0.7463,0.7549
2022-04-09,0.755,0.7668,0.7531,0.7622
2022-04-10,0.7623,0.7731,0.7524,0.7543
2022-04-11,0.7543,0.7558,0.6802,0.6948
2022-04-12,0.6949,0.734,0.6924,0.7152

===== Patch 90 =====
2022-04-13,0.7151,0.7252,0.7017,0.7232
2022-04-14,0.7232,0.7413,0.7083,0.7262
2022-04-15,0.7262,0.7975,0.7261,0.7858
2022-04-16,0.7859,0.7999,0.7658,0.7808
2022-04-17,0.7808,0.7861,0.7477,0.7519
2022-04-18,0.7519,0.7699,0.7266,0.7699
2022-04-19,0.7698,0.786,0.7588,0.7749
2022-04-20,0.7749,0.7753,0.742,0.7517
2022-04-21,0.7517,0.7686,0.718,0.7328
2022-04-22,0.7328,0.7387,0.7142,0.7179
2022-04-23,0.7178,0.7267,0.7023,0.7057
2022-04-24,0.7057,0.7119,0.6944,0.6981
2022-04-25,0.698,0.6998,0.6451,0.6931
2022-04-26,0.6931,0.7065,0.6276,0.642
2022-04-27,0.642,0.663,0.6361,0.6522
2022-04-28,0.6522,0.6577,0.6333,0.6428

===== Patch 91 =====
2022-04-29,0.6428,0.6464,0.5992,0.6116
2022-04-30,0.6115,0.6288,0.5663,0.5845
2022-05-01,0.5845,0.6125,0.576,0.607
2022-05-02,0.607,0.6312,0.5984,0.6143
2022-05-03,0.6143,0.628,0.5961,0.6047
2022-05-04,0.6047,0.65,0.6039,0.6459
2022-05-05,0.646,0.6572,0.5801,0.5981
2022-05-06,0.5981,0.6164,0.5875,0.6022
2022-05-07,0.6022,0.6044,0.5692,0.5808
2022-05-08,0.5808,0.5833,0.5572,0.5662
2022-05-09,0.5663,0.5789,0.47,0.4873
2022-05-10,0.4872,0.5371,0.4722,0.513
2022-05-11,0.513,0.5253,0.3646,0.4172
2022-05-12,0.4172,0.4296,0.3361,0.3856
2022-05-13,0.3856,0.4659,0.3813,0.4228
2022-05-14,0.4229,0.441,0.3955,0.4262

===== Patch 92 =====
2022-05-15,0.4262,0.45,0.4149,0.4481
2022-05-16,0.4481,0.4481,0.4087,0.4231
2022-05-17,0.4231,0.4403,0.417,0.438
2022-05-18,0.438,0.4428,0.4037,0.4056
2022-05-19,0.4056,0.4242,0.3908,0.4205
2022-05-20,0.4205,0.4407,0.4016,0.4101
2022-05-21,0.4101,0.4183,0.403,0.4145
2022-05-22,0.4144,0.4255,0.4101,0.4218
2022-05-23,0.4217,0.4287,0.4002,0.4052
2022-05-24,0.4052,0.4138,0.3908,0.4086
2022-05-25,0.4087,0.4138,0.3948,0.406
2022-05-26,0.4061,0.4109,0.3753,0.392
2022-05-27,0.3921,0.4032,0.3764,0.3819
2022-05-28,0.382,0.389,0.3805,0.3863
2022-05-29,0.3863,0.3908,0.3794,0.3891
2022-05-30,0.3891,0.4197,0.3866,0.4187

===== Patch 93 =====
2022-05-31,0.4188,0.4342,0.4065,0.4217
2022-06-01,0.4217,0.4266,0.3887,0.398
2022-06-02,0.3981,0.4072,0.3907,0.4055
2022-06-03,0.4054,0.4105,0.3839,0.3904
2022-06-04,0.3903,0.3944,0.3846,0.3925
2022-06-05,0.3925,0.3995,0.3895,0.3953
2022-06-06,0.3954,0.4099,0.394,0.4026
2022-06-07,0.4027,0.4175,0.3846,0.4076
2022-06-08,0.4076,0.4104,0.3947,0.4006
2022-06-09,0.4007,0.4041,0.3965,0.4002
2022-06-10,0.4002,0.4118,0.3762,0.3815
2022-06-11,0.3815,0.3887,0.3557,0.3599
2022-06-12,0.3598,0.3654,0.3394,0.3433
2022-06-13,0.3433,0.3507,0.3012,0.3118
2022-06-14,0.3117,0.3267,0.2936,0.3214
2022-06-15,0.3215,0.3469,0.298,0.3436

===== Patch 94 =====
2022-06-16,0.3436,0.3475,0.3073,0.3132
2022-06-17,0.3132,0.3397,0.3105,0.321
2022-06-18,0.321,0.3263,0.2872,0.3075
2022-06-19,0.3074,0.333,0.2981,0.3264
2022-06-20,0.3262,0.3289,0.3135,0.3227
2022-06-21,0.3226,0.3374,0.3187,0.3294
2022-06-22,0.3294,0.3297,0.319,0.3223
2022-06-23,0.3223,0.3371,0.3213,0.3358
2022-06-24,0.3357,0.3871,0.3348,0.3672
2022-06-25,0.3672,0.3741,0.3542,0.3676
2022-06-26,0.3677,0.3751,0.3576,0.3592
2022-06-27,0.3591,0.3671,0.348,0.3537
2022-06-28,0.3537,0.3557,0.3353,0.3375
2022-06-29,0.3375,0.3417,0.3201,0.3296
2022-06-30,0.3296,0.3333,0.3056,0.3321
2022-07-01,0.332,0.3363,0.31,0.3139

===== Patch 95 =====
2022-07-02,0.3142,0.3181,0.3089,0.3156
2022-07-03,0.3157,0.3258,0.3085,0.3215
2022-07-04,0.3216,0.33,0.3146,0.3287
2022-07-05,0.3287,0.331,0.3128,0.3252
2022-07-06,0.3252,0.334,0.32,0.3324
2022-07-07,0.3324,0.3456,0.3269,0.3422
2022-07-08,0.3423,0.359,0.3359,0.3402
2022-07-09,0.3403,0.3477,0.3392,0.3448
2022-07-10,0.3448,0.3449,0.3197,0.3255
2022-07-11,0.3256,0.3292,0.3108,0.3152
2022-07-12,0.3152,0.3182,0.3078,0.3116
2022-07-13,0.3117,0.326,0.302,0.3237
2022-07-14,0.3236,0.334,0.3122,0.3338
2022-07-15,0.3338,0.349,0.3273,0.3342
2022-07-16,0.3341,0.3565,0.3313,0.3505
2022-07-17,0.3504,0.3614,0.3413,0.3433

===== Patch 96 =====
2022-07-18,0.3434,0.3701,0.3429,0.3653
2022-07-19,0.3652,0.3767,0.3515,0.3729
2022-07-20,0.3728,0.3817,0.3572,0.3635
2022-07-21,0.3635,0.3685,0.3485,0.3669
2022-07-22,0.3668,0.3716,0.3541,0.3578
2022-07-23,0.3578,0.3628,0.3498,0.3592
2022-07-24,0.3592,0.3667,0.3558,0.3586
2022-07-25,0.3585,0.3602,0.335,0.3362
2022-07-26,0.3362,0.3385,0.3252,0.3372
2022-07-27,0.3373,0.3597,0.3304,0.3594
2022-07-28,0.3594,0.3792,0.3489,0.3739
2022-07-29,0.3738,0.3799,0.3596,0.3679
2022-07-30,0.3679,0.4099,0.3629,0.3879
2022-07-31,0.388,0.3989,0.3782,0.3792
2022-08-01,0.3791,0.386,0.371,0.3791
2022-08-02,0.3791,0.3946,0.3667,0.3714

===== Patch 97 =====
2022-08-03,0.3714,0.3775,0.3631,0.3695
2022-08-04,0.3695,0.375,0.3643,0.371
2022-08-05,0.371,0.3785,0.3673,0.3764
2022-08-06,0.3764,0.378,0.3703,0.3715
2022-08-07,0.3715,0.3772,0.3682,0.3722
2022-08-08,0.3723,0.3847,0.371,0.3787
2022-08-09,0.3787,0.3801,0.3606,0.3672
2022-08-10,0.3672,0.3815,0.3583,0.3814
2022-08-11,0.3814,0.386,0.377,0.3802
2022-08-12,0.3801,0.3806,0.3699,0.3796
2022-08-13,0.3797,0.3876,0.3763,0.378
2022-08-14,0.3779,0.3922,0.3738,0.3757
2022-08-15,0.3756,0.3852,0.3658,0.3751
2022-08-16,0.375,0.3784,0.3666,0.377
2022-08-17,0.377,0.3923,0.368,0.3795
2022-08-18,0.3796,0.3815,0.3691,0.3704

===== Patch 98 =====
2022-08-19,0.3703,0.3707,0.3309,0.3344
2022-08-20,0.3345,0.3428,0.3321,0.3368
2022-08-21,0.3368,0.3485,0.3355,0.3449
2022-08-22,0.3448,0.3453,0.3313,0.344
2022-08-23,0.344,0.348,0.3326,0.3472
2022-08-24,0.3473,0.3525,0.3389,0.3456
2022-08-25,0.3456,0.3522,0.3435,0.3491
2022-08-26,0.3491,0.3712,0.3325,0.3393
2022-08-27,0.3393,0.3447,0.3283,0.3346
2022-08-28,0.3346,0.3373,0.3213,0.3224
2022-08-29,0.3223,0.3342,0.3186,0.3337
2022-08-30,0.3337,0.3359,0.32,0.3267
2022-08-31,0.3268,0.3339,0.323,0.3277
2022-09-01,0.3276,0.3334,0.3215,0.3331
2022-09-02,0.3332,0.3355,0.3253,0.3314
2022-09-03,0.3315,0.335,0.3265,0.3297

===== Patch 99 =====
2022-09-04,0.3296,0.3328,0.3275,0.3317
2022-09-05,0.3318,0.3338,0.3225,0.3329
2022-09-06,0.3329,0.3431,0.3154,0.3212
2022-09-07,0.3212,0.3386,0.312,0.3369
2022-09-08,0.3369,0.3434,0.3282,0.3396
2022-09-09,0.3396,0.3597,0.3394,0.3568
2022-09-10,0.3568,0.3622,0.3514,0.3573
2022-09-11,0.3574,0.3604,0.3485,0.3552
2022-09-12,0.3551,0.3602,0.3478,0.3598
2022-09-13,0.3598,0.3603,0.3308,0.3326
2022-09-14,0.3326,0.3442,0.3312,0.3415
2022-09-15,0.3415,0.3429,0.3241,0.3261
2022-09-16,0.3261,0.3581,0.3216,0.3552
2022-09-17,0.3552,0.381,0.3464,0.3762
2022-09-18,0.3762,0.3981,0.3556,0.3576
2022-09-19,0.3578,0.3932,0.3401,0.3848

===== Patch 100 =====
2022-09-20,0.3847,0.4242,0.3704,0.414
2022-09-21,0.4139,0.434,0.38,0.3936
2022-09-22,0.3936,0.5,0.3933,0.4862
2022-09-23,0.4861,0.559,0.4564,0.5069
2022-09-24,0.5069,0.5195,0.4717,0.4878
2022-09-25,0.4879,0.5215,0.4757,0.4917
2022-09-26,0.4916,0.502,0.4576,0.4683
2022-09-27,0.4682,0.4882,0.435,0.4457
2022-09-28,0.4458,0.4558,0.4168,0.4489
2022-09-29,0.4491,0.5109,0.4266,0.4877
2022-09-30,0.4876,0.4992,0.4667,0.4799
2022-10-01,0.4799,0.4865,0.4667,0.4754
2022-10-02,0.4753,0.4785,0.443,0.4485
2022-10-03,0.4485,0.4694,0.4372,0.4621
2022-10-04,0.4622,0.4858,0.4515,0.4795
2022-10-05,0.4795,0.502,0.4716,0.4887

===== Patch 101 =====
2022-10-06,0.4888,0.5063,0.4883,0.4934
2022-10-07,0.4934,0.5339,0.48,0.5177
2022-10-08,0.5177,0.5292,0.5111,0.517
2022-10-09,0.5171,0.549,0.506,0.5325
2022-10-10,0.5325,0.538,0.4927,0.4939
2022-10-11,0.4939,0.5025,0.4768,0.4861
2022-10-12,0.486,0.496,0.482,0.4881
2022-10-13,0.4881,0.4898,0.4401,0.4791
2022-10-14,0.4791,0.5125,0.4782,0.4883
2022-10-15,0.4882,0.49,0.4774,0.4818
2022-10-16,0.4818,0.4876,0.468,0.4766
2022-10-17,0.4765,0.4825,0.4627,0.4804
2022-10-18,0.4804,0.4843,0.4571,0.4658
2022-10-19,0.4657,0.4667,0.4471,0.4504
2022-10-20,0.4504,0.4646,0.4224,0.4465
2022-10-21,0.4465,0.4617,0.4336,0.4614

===== Patch 102 =====
2022-10-22,0.4613,0.4708,0.4561,0.4653
2022-10-23,0.4653,0.4726,0.4518,0.4688
2022-10-24,0.4688,0.473,0.4478,0.4529
2022-10-25,0.453,0.4728,0.4434,0.4605
2022-10-26,0.4606,0.4715,0.4562,0.4689
2022-10-27,0.4689,0.4824,0.4584,0.4615
2022-10-28,0.4615,0.4755,0.4564,0.4744
2022-10-29,0.4743,0.4837,0.4657,0.4701
2022-10-30,0.4702,0.4735,0.4537,0.4582
2022-10-31,0.4582,0.4674,0.4476,0.4641
2022-11-01,0.464,0.467,0.4543,0.4636
2022-11-02,0.4635,0.4659,0.4451,0.4497
2022-11-03,0.4498,0.4598,0.4487,0.4548
2022-11-04,0.4548,0.5078,0.4532,0.5064
2022-11-05,0.5063,0.51,0.489,0.493
2022-11-06,0.493,0.4947,0.468,0.4709

===== Patch 103 =====
2022-11-07,0.4708,0.48,0.4585,0.4648
2022-11-08,0.4647,0.4669,0.3355,0.4059
2022-11-09,0.4059,0.411,0.316,0.3331
2022-11-10,0.3332,0.403,0.3301,0.3942
2022-11-11,0.3942,0.3991,0.3661,0.3843
2022-11-12,0.3843,0.3846,0.3592,0.3636
2022-11-13,0.3635,0.3694,0.3325,0.3408
2022-11-14,0.3409,0.3796,0.321,0.3776
2022-11-15,0.3775,0.3977,0.3668,0.3888
2022-11-16,0.3887,0.3915,0.3614,0.3752
2022-11-17,0.3751,0.3873,0.3691,0.3819
2022-11-18,0.3819,0.3878,0.3733,0.3829
2022-11-19,0.3829,0.3886,0.3752,0.3841
2022-11-20,0.3842,0.3969,0.3585,0.3608
2022-11-21,0.3608,0.369,0.3457,0.3645
2022-11-22,0.3645,0.3784,0.3513,0.3757

===== Patch 104 =====
2022-11-23,0.3758,0.3824,0.3682,0.3815
2022-11-24,0.3816,0.405,0.3742,0.4018
2022-11-25,0.4018,0.4194,0.3888,0.4078
2022-11-26,0.4077,0.4146,0.3927,0.396
2022-11-27,0.396,0.4096,0.3942,0.3962
2022-11-28,0.3961,0.3991,0.373,0.3888
2022-11-29,0.3888,0.4039,0.3829,0.3981
2022-11-30,0.3981,0.4117,0.3926,0.4078
2022-12-01,0.4078,0.4093,0.3944,0.3969
2022-12-02,0.3968,0.3975,0.3838,0.3961
2022-12-03,0.3961,0.3973,0.3853,0.3873
2022-12-04,0.3873,0.3932,0.386,0.3895
2022-12-05,0.3895,0.3954,0.38,0.3893
2022-12-06,0.3893,0.3925,0.3808,0.3914
2022-12-07,0.3914,0.3925,0.3733,0.3835
2022-12-08,0.3834,0.3962,0.3826,0.3941

===== Patch 105 =====
2022-12-09,0.3942,0.3952,0.3843,0.3889
2022-12-10,0.3889,0.3893,0.3854,0.3865
2022-12-11,0.3865,0.3886,0.3778,0.3809
2022-12-12,0.3808,0.3898,0.3707,0.3874
2022-12-13,0.3875,0.397,0.3786,0.3952
2022-12-14,0.3953,0.3956,0.3768,0.3853
2022-12-15,0.3852,0.3867,0.3735,0.378
2022-12-16,0.3779,0.3799,0.344,0.3511
2022-12-17,0.351,0.3598,0.3467,0.3545
2022-12-18,0.3545,0.3556,0.3473,0.3499
2022-12-19,0.3499,0.353,0.332,0.3389
2022-12-20,0.3389,0.3532,0.3359,0.3482
2022-12-21,0.3482,0.3505,0.3371,0.3449
2022-12-22,0.3448,0.3503,0.3414,0.3492
2022-12-23,0.3492,0.355,0.3471,0.3543
2022-12-24,0.3542,0.3544,0.3509,0.3517

===== Patch 106 =====
2022-12-25,0.3518,0.3519,0.3439,0.3457
2022-12-26,0.3457,0.37,0.3455,0.3658
2022-12-27,0.3657,0.3731,0.3586,0.3675
2022-12-28,0.3675,0.3687,0.3546,0.3558
2022-12-29,0.3559,0.3577,0.3361,0.3421
2022-12-30,0.3421,0.3461,0.3337,0.3451
2022-12-31,0.345,0.3453,0.3384,0.3389
2023-01-01,0.3389,0.34,0.3354,0.3387
2023-01-02,0.3386,0.3555,0.3,0.3482
2023-01-03,0.3482,0.352,0.3395,0.3436
2023-01-04,0.3436,0.3605,0.339,0.3472
2023-01-05,0.3471,0.3487,0.3333,0.338
2023-01-06,0.338,0.3462,0.3311,0.3443
2023-01-07,0.3442,0.3457,0.3413,0.3442
2023-01-08,0.3442,0.3469,0.3354,0.3452
2023-01-09,0.3452,0.3576,0.3437,0.349

===== Patch 107 =====
2023-01-10,0.3489,0.3541,0.3432,0.3507
2023-01-11,0.3506,0.3785,0.3477,0.3728
2023-01-12,0.3728,0.382,0.3607,0.3748
2023-01-13,0.3748,0.3868,0.368,0.3858
2023-01-14,0.3857,0.4089,0.3766,0.3953
2023-01-15,0.3953,0.3969,0.3795,0.3845
2023-01-16,0.3846,0.4064,0.3777,0.3855
2023-01-17,0.3855,0.3987,0.379,0.3868
2023-01-18,0.3868,0.3964,0.3655,0.3782
2023-01-19,0.3782,0.3965,0.3762,0.3928
2023-01-20,0.3929,0.4141,0.3859,0.4129
2023-01-21,0.4129,0.4166,0.3967,0.4034
2023-01-22,0.4034,0.4122,0.3962,0.4004
2023-01-23,0.4004,0.433,0.3995,0.4234
2023-01-24,0.4233,0.4312,0.4025,0.4078
2023-01-25,0.4079,0.4245,0.3965,0.417

===== Patch 108 =====
2023-01-26,0.417,0.4178,0.4053,0.4092
2023-01-27,0.4091,0.4135,0.3988,0.4128
2023-01-28,0.4127,0.4168,0.4055,0.4078
2023-01-29,0.4078,0.4173,0.4066,0.4134
2023-01-30,0.4135,0.4222,0.386,0.3934
2023-01-31,0.3933,0.4113,0.388,0.4057
2023-02-01,0.4058,0.4157,0.3962,0.4131
2023-02-02,0.4132,0.4192,0.408,0.4098
2023-02-03,0.4097,0.4137,0.4054,0.4117
2023-02-04,0.4116,0.4204,0.4075,0.4106
2023-02-05,0.4106,0.412,0.3942,0.3984
2023-02-06,0.3985,0.4037,0.3909,0.392
2023-02-07,0.3921,0.4048,0.3901,0.4036
2023-02-08,0.4037,0.406,0.3936,0.3975
2023-02-09,0.3975,0.4092,0.3726,0.3819
2023-02-10,0.3818,0.3878,0.3771,0.3817

===== Patch 109 =====
2023-02-11,0.3818,0.3841,0.3798,0.3833
2023-02-12,0.3834,0.385,0.3716,0.3747
2023-02-13,0.3747,0.3783,0.3612,0.3703
2023-02-14,0.3703,0.3839,0.3644,0.3819
2023-02-15,0.3819,0.4024,0.3765,0.4011
2023-02-16,0.401,0.4048,0.384,0.3841
2023-02-17,0.3841,0.4,0.3809,0.395
2023-02-18,0.3949,0.3976,0.3911,0.3943
2023-02-19,0.3942,0.3981,0.3845,0.3863
2023-02-20,0.3862,0.409,0.3774,0.3984
2023-02-21,0.3985,0.4025,0.3872,0.3919
2023-02-22,0.392,0.3977,0.3828,0.3953
2023-02-23,0.3953,0.3979,0.3853,0.3882
2023-02-24,0.3883,0.3908,0.3723,0.3783
2023-02-25,0.3783,0.3795,0.3692,0.3778
2023-02-26,0.3779,0.3807,0.3745,0.3779

===== Patch 110 =====
2023-02-27,0.3779,0.3801,0.3708,0.3785
2023-02-28,0.3785,0.3827,0.3719,0.3762
2023-03-01,0.3762,0.3848,0.3726,0.3835
2023-03-02,0.3836,0.3846,0.3737,0.3772
2023-03-03,0.3772,0.3806,0.3539,0.3774
2023-03-04,0.3773,0.38,0.368,0.3735
2023-03-05,0.3735,0.3774,0.3653,0.3668
2023-03-06,0.3668,0.3743,0.3589,0.3695
2023-03-07,0.3696,0.3844,0.3669,0.3801
2023-03-08,0.3802,0.4018,0.3723,0.3889
2023-03-09,0.3889,0.3976,0.3639,0.3706
2023-03-10,0.3706,0.3752,0.3571,0.37
2023-03-11,0.3699,0.3741,0.3582,0.3638
2023-03-12,0.3637,0.3715,0.3473,0.3714
2023-03-13,0.3713,0.38,0.3553,0.3724
2023-03-14,0.3724,0.387,0.3647,0.3724

===== Patch 111 =====
2023-03-15,0.3724,0.3757,0.356,0.3589
2023-03-16,0.3589,0.367,0.3562,0.3647
2023-03-17,0.3648,0.3825,0.362,0.3798
2023-03-18,0.3797,0.3898,0.3691,0.3739
2023-03-19,0.3739,0.4,0.3736,0.3857
2023-03-20,0.3858,0.3913,0.3707,0.3734
2023-03-21,0.3734,0.4929,0.3728,0.4696
2023-03-22,0.4696,0.475,0.4069,0.4213
2023-03-23,0.4213,0.4557,0.4116,0.4438
2023-03-24,0.4437,0.444,0.4141,0.4259
2023-03-25,0.426,0.465,0.4223,0.4429
2023-03-26,0.4429,0.4632,0.4403,0.4479
2023-03-27,0.4479,0.4888,0.4425,0.479
2023-03-28,0.4789,0.534,0.4666,0.5144
2023-03-29,0.5145,0.585,0.5145,0.5425
2023-03-30,0.5425,0.558,0.5214,0.5319

===== Patch 112 =====
2023-03-31,0.5319,0.564,0.5257,0.5374
2023-04-01,0.5375,0.5375,0.4972,0.5095
2023-04-02,0.5095,0.529,0.5015,0.518
2023-04-03,0.5179,0.525,0.481,0.4959
2023-04-04,0.4958,0.5078,0.4871,0.5026
2023-04-05,0.5026,0.5271,0.4986,0.5055
2023-04-06,0.5056,0.5097,0.4913,0.5028
2023-04-07,0.5028,0.5156,0.4971,0.5126
2023-04-08,0.5127,0.513,0.5022,0.5048
2023-04-09,0.5049,0.5093,0.4983,0.5054
2023-04-10,0.5053,0.5199,0.5,0.5176
2023-04-11,0.5176,0.5283,0.511,0.5167
2023-04-12,0.5166,0.5179,0.4984,0.5049
2023-04-13,0.5049,0.5156,0.5014,0.5125
2023-04-14,0.5124,0.5465,0.5111,0.5227
2023-04-15,0.5227,0.5261,0.516,0.5192

===== Patch 113 =====
2023-04-16,0.5192,0.5244,0.5152,0.5209
2023-04-17,0.5208,0.521,0.5066,0.5109
2023-04-18,0.511,0.5391,0.5092,0.5324
2023-04-19,0.5325,0.5375,0.471,0.4911
2023-04-20,0.4911,0.4993,0.465,0.4752
2023-04-21,0.4752,0.4792,0.4403,0.4491
2023-04-22,0.4491,0.4761,0.4455,0.4719
2023-04-23,0.472,0.472,0.4526,0.4647
2023-04-24,0.4648,0.4857,0.4469,0.4611
2023-04-25,0.461,0.4723,0.4506,0.4695
2023-04-26,0.4696,0.4831,0.4329,0.4618
2023-04-27,0.4618,0.4699,0.4557,0.4667
2023-04-28,0.4666,0.483,0.4637,0.4796
2023-04-29,0.4795,0.4869,0.4709,0.478
2023-04-30,0.4779,0.4819,0.4687,0.4705
2023-05-01,0.4705,0.4724,0.4544,0.4649

===== Patch 114 =====
2023-05-02,0.4648,0.4662,0.4574,0.4645
2023-05-03,0.4644,0.4655,0.4497,0.4632
2023-05-04,0.4633,0.465,0.4547,0.4608
2023-05-05,0.4608,0.4706,0.4545,0.4671
2023-05-06,0.4671,0.4695,0.4512,0.4582
2023-05-07,0.4582,0.4601,0.4457,0.449
2023-05-08,0.4491,0.4512,0.41,0.4283
2023-05-09,0.4283,0.4308,0.4202,0.4289
2023-05-10,0.4289,0.434,0.4119,0.4303
2023-05-11,0.4303,0.4305,0.4114,0.4207
2023-05-12,0.4207,0.4446,0.4157,0.4305
2023-05-13,0.4305,0.4306,0.4227,0.424
2023-05-14,0.424,0.4317,0.421,0.4253
2023-05-15,0.4253,0.4304,0.4214,0.4273
2023-05-16,0.4273,0.443,0.4174,0.4425
2023-05-17,0.4426,0.4616,0.4375,0.4484

===== Patch 115 =====
2023-05-18,0.4485,0.473,0.443,0.4596
2023-05-19,0.4597,0.4755,0.4573,0.4675
2023-05-20,0.4674,0.4719,0.4618,0.4685
2023-05-21,0.4685,0.4706,0.455,0.4575
2023-05-22,0.4574,0.4674,0.4496,0.4618
2023-05-23,0.4618,0.4672,0.4583,0.4651
2023-05-24,0.4651,0.4651,0.4457,0.453
2023-05-25,0.453,0.4551,0.4431,0.4538
2023-05-26,0.4538,0.4699,0.4524,0.4684
2023-05-27,0.4684,0.4792,0.4652,0.4714
2023-05-28,0.4714,0.4863,0.4699,0.482
2023-05-29,0.482,0.4954,0.4761,0.4946
2023-05-30,0.4946,0.5293,0.4893,0.5205
2023-05-31,0.5205,0.528,0.5009,0.5166
2023-06-01,0.5167,0.5167,0.5014,0.5065
2023-06-02,0.5065,0.5271,0.5033,0.5244

===== Patch 116 =====
2023-06-03,0.5245,0.534,0.5144,0.5188
2023-06-04,0.5188,0.547,0.5151,0.5359
2023-06-05,0.5359,0.5431,0.4867,0.509
2023-06-06,0.5089,0.5328,0.4952,0.53
2023-06-07,0.53,0.5384,0.507,0.5183
2023-06-08,0.5183,0.5278,0.5156,0.5236
2023-06-09,0.5237,0.5418,0.5205,0.538
2023-06-10,0.538,0.5388,0.472,0.5067
2023-06-11,0.5067,0.5293,0.5027,0.5208
2023-06-12,0.5209,0.528,0.5086,0.5251
2023-06-13,0.5251,0.5658,0.5054,0.5192
2023-06-14,0.5193,0.5205,0.461,0.4801
2023-06-15,0.4802,0.4858,0.4663,0.4801
2023-06-16,0.4801,0.4833,0.4558,0.4759
2023-06-17,0.4758,0.4869,0.4694,0.4794
2023-06-18,0.4794,0.4979,0.4741,0.4868

===== Patch 117 =====
2023-06-19,0.4868,0.4991,0.4811,0.4936
2023-06-20,0.4935,0.4967,0.4716,0.4929
2023-06-21,0.4928,0.5034,0.4892,0.4999
2023-06-22,0.4999,0.5272,0.4821,0.4938
2023-06-23,0.4937,0.5023,0.484,0.4961
2023-06-24,0.496,0.4961,0.478,0.4865
2023-06-25,0.4865,0.4977,0.4829,0.4903
2023-06-26,0.4903,0.4919,0.4701,0.479
2023-06-27,0.479,0.4851,0.4759,0.4838
2023-06-28,0.4839,0.4844,0.4493,0.4647
2023-06-29,0.4648,0.4773,0.4612,0.4747
2023-06-30,0.4747,0.4827,0.4498,0.4729
2023-07-01,0.473,0.476,0.464,0.4732
2023-07-02,0.4732,0.4961,0.4697,0.4845
2023-07-03,0.4844,0.4914,0.4784,0.489
2023-07-04,0.489,0.4935,0.4816,0.4872

===== Patch 118 =====
2023-07-05,0.4872,0.4919,0.4696,0.4777
2023-07-06,0.4777,0.4842,0.4612,0.4622
2023-07-07,0.4622,0.4708,0.4575,0.4687
2023-07-08,0.4686,0.4748,0.4649,0.4704
2023-07-09,0.4705,0.4717,0.4664,0.468
2023-07-10,0.4681,0.48,0.4622,0.478
2023-07-11,0.478,0.4784,0.4709,0.4753
2023-07-12,0.4753,0.4772,0.4648,0.471
2023-07-13,0.471,0.938,0.4695,0.8153
2023-07-14,0.8151,0.8253,0.6686,0.7179
2023-07-15,0.7178,0.7362,0.6919,0.7145
2023-07-16,0.7144,0.79,0.702,0.7468
2023-07-17,0.7468,0.7662,0.7122,0.7374
2023-07-18,0.7373,0.785,0.7304,0.7779
2023-07-19,0.778,0.8547,0.7685,0.8199
2023-07-20,0.8198,0.8489,0.771,0.7942

